# n200plap1i1.txt

# 5 cluster
param p := 5 ;

# 200 vertici
set V := 
 1 2 3 4 5 6 7 8 9 10 11 12 13 14 15 16 17 18 19 20 21 22 23 24 25 26 27 28 29 30 31 32 33 34 35 36 37 38 39 40 41 42 43 44 45 46 47 48 49 50 51 52 53 54 55 56 57 58 59 60 61 62 63 64 65 66 67 68 69 70 71 72 73 74 75 76 77 78 79 80 81 82 83 84 85 86 87 88 89 90 91 92 93 94 95 96 97 98 99 100 101 102 103 104 105 106 107 108 109 110 111 112 113 114 115 116 117 118 119 120 121 122 123 124 125 126 127 128 129 130 131 132 133 134 135 136 137 138 139 140 141 142 143 144 145 146 147 148 149 150 151 152 153 154 155 156 157 158 159 160 161 162 163 164 165 166 167 168 169 170 171 172 173 174 175 176 177 178 179 180 181 182 183 184 185 186 187 188 189 190 191 192 193 194 195 196 197 198 199 200
;

param w := 
  1    2
  2    3
  3    4
  4    7
  5   10
  6   10
  7   11
  8   12
  9   15
 10   15
 11   15
 12   16
 13   16
 14   18
 15   20
 16   21
 17   22
 18   22
 19   23
 20   25
 21   25
 22   26
 23   29
 24   29
 25   29
 26   29
 27   30
 28   30
 29   30
 30   32
 31   32
 32   33
 33   33
 34   34
 35   37
 36   38
 37   39
 38   40
 39   40
 40   41
 41   48
 42   48
 43   49
 44   53
 45   56
 46   56
 47   58
 48   58
 49   59
 50   59
 51   60
 52   60
 53   63
 54   64
 55   66
 56   67
 57   67
 58   68
 59   68
 60   69
 61   70
 62   72
 63   72
 64   72
 65   73
 66   74
 67   74
 68   74
 69   75
 70   75
 71   75
 72   76
 73   76
 74   77
 75   77
 76   77
 77   78
 78   78
 79   81
 80   81
 81   82
 82   83
 83   83
 84   83
 85   84
 86   85
 87   86
 88   86
 89   87
 90   88
 91   89
 92   90
 93   92
 94   93
 95   93
 96   96
 97   96
 98   97
 99   97
100   98
101  100
102  100
103  103
104  103
105  104
106  104
107  104
108  105
109  105
110  107
111  107
112  112
113  112
114  115
115  116
116  116
117  117
118  117
119  118
120  119
121  119
122  120
123  120
124  125
125  125
126  126
127  127
128  127
129  128
130  128
131  129
132  129
133  130
134  132
135  133
136  133
137  133
138  133
139  134
140  134
141  135
142  136
143  137
144  139
145  139
146  142
147  142
148  144
149  144
150  144
151  146
152  148
153  148
154  149
155  150
156  151
157  151
158  154
159  158
160  159
161  159
162  160
163  162
164  164
165  166
166  166
167  166
168  166
169  167
170  167
171  168
172  168
173  170
174  171
175  171
176  172
177  172
178  175
179  175
180  175
181  175
182  176
183  177
184  179
185  179
186  180
187  181
188  184
189  184
190  186
191  186
192  188
193  188
194  190
195  190
196  192
197  194
198  195
199  196
200  199
;

# 1154 lati
set E := 
 (1,32) (1,16) (1,100) (1,41) (1,179)
 (2,25) (2,17) (2,153) (2,174) (2,28) (2,40) (2,80)
 (3,159) (3,85) (3,20) (3,122) (3,88) (3,98) (3,135) (3,43)
 (4,5) (4,186) (4,127) (4,184) (4,176) (4,140)
 (5,184)
 (6,167) (6,67) (6,73) (6,37) (6,29)
 (7,114) (7,66) (7,160) (7,26) (7,113)
 (8,129) (8,42) (8,147) (8,62) (8,52) (8,146)
 (9,151) (9,117) (9,170) (9,49)
 (10,155) (10,55) (10,93) (10,132) (10,113) (10,142) (10,185)
 (11,97) (11,171) (11,90)
 (12,15) (12,64) (12,23) (12,152) (12,136) (12,83) (12,13)
 (13,84) (13,15) (13,178) (13,110) (13,48) (13,81) (13,152)
 (14,27) (14,44) (14,30) (14,171) (14,194) (14,181)
 (15,110) (15,64)
 (16,100) (16,179)
 (17,40) (17,80)
 (18,200) (18,191) (18,46)
 (19,33) (19,84) (19,30) (19,99) (19,95) (19,187) (19,53) (19,152) (19,44)
 (20,63) (20,98) (20,97) (20,36) (20,112) (20,135)
 (21,54) (21,177) (21,56) (21,190) (21,108) (21,134) (21,130) (21,119)
 (22,50) (22,183) (22,58) (22,158) (22,61) (22,180) (22,60)
 (23,83) (23,94) (23,101) (23,131) (23,136) (23,170)
 (24,65) (24,46) (24,143) (24,118) (24,109) (24,39)
 (25,174) (25,90) (25,36) (25,40)
 (26,66) (26,189) (26,165) (26,195)
 (27,92) (27,103) (27,181) (27,194)
 (28,168) (28,174) (28,165) (28,149) (28,153)
 (29,140) (29,127) (29,37) (29,67) (29,150)
 (30,187) (30,171) (30,99) (30,44) (30,90)
 (31,196) (31,169) (31,188) (31,69) (31,167) (31,73) (31,101) (31,96)
 (32,105) (32,145) (32,147) (32,100)
 (33,81) (33,84) (33,152)
 (34,180) (34,60) (34,106) (34,148)
 (35,198) (35,98) (35,38) (35,120)
 (36,174) (36,112) (36,97) (36,149) (36,79) (36,90)
 (37,166) (37,161) (37,104) (37,73) (37,127)
 (38,57) (38,63) (38,195) (38,98)
 (39,82) (39,141) (39,109) (39,139) (39,143)
 (40,80) (40,99) (40,162) (40,90)
 (41,51) (41,150) (41,157) (41,144) (41,186) (41,179) (41,193)
 (42,172) (42,160) (42,185) (42,102) (42,173) (42,147) (42,62)
 (43,159) (43,98) (43,122) (43,120) (43,198)
 (44,152) (44,136) (44,194) (44,182)
 (45,85) (45,88) (45,135) (45,103) (45,58) (45,75)
 (46,143) (46,110) (46,191) (46,48) (46,200) (46,118)
 (47,138) (47,69) (47,61) (47,176) (47,87) (47,183)
 (48,164) (48,118) (48,178) (48,110)
 (49,77) (49,200) (49,151) (49,94) (49,64) (49,170)
 (50,158) (50,103) (50,58) (50,78)
 (51,150) (51,193) (51,67)
 (52,146) (52,59) (52,147)
 (53,162) (53,95) (53,99) (53,80)
 (54,134) (54,177) (54,146)
 (55,160) (55,114) (55,102) (55,113) (55,185)
 (56,109) (56,68) (56,190) (56,177) (56,82)
 (57,112) (57,121) (57,63) (57,79) (57,195)
 (58,75) (58,103) (58,180) (58,148) (58,88)
 (59,156) (59,146) (59,154) (59,147) (59,105)
 (60,61) (60,74) (60,180) (60,106)
 (61,183)
 (62,130) (62,119) (62,129) (62,134) (62,173)
 (63,112) (63,98)
 (64,77) (64,83) (64,110) (64,200)
 (65,118) (65,109) (65,137)
 (66,189) (66,113)
 (67,150) (67,117) (67,167) (67,193)
 (68,154) (68,163) (68,156) (68,177) (68,82)
 (69,71) (69,176) (69,196) (69,96) (69,87)
 (70,93) (70,107) (70,132) (70,108) (70,115) (70,172) (70,173) (70,128)
 (71,196) (71,166) (71,176)
 (72,155) (72,93) (72,153) (72,115) (72,80) (72,142)
 (73,166) (73,196) (73,167)
 (74,175) (74,133) (74,106) (74,122)
 (75,88)
 (76,79) (76,121) (76,168) (76,165) (76,195) (76,149)
 (77,94) (77,83)
 (78,124) (78,158) (78,103) (78,96) (78,125) (78,92)
 (79,149) (79,121) (79,112)
 (80,162) (80,115) (80,95) (80,153)
 (81,152) (81,84)
 (82,163) (82,109) (82,145) (82,141)
 (83,94)
 (84,178) (84,95)
 (85,135) (85,88)
 (86,179) (86,100) (86,139) (86,157)
 (87,116) (87,125) (87,138) (87,96)
 (88,175) (88,148) (88,122)
 (89,91) (89,111) (89,194) (89,182)
 (90,97) (90,171) (90,99)
 (91,131) (91,101) (91,182) (91,111)
 (92,194) (92,96) (92,103) (92,111)
 (93,132) (93,115) (93,155)
 (94,170)
 (95,123) (95,115) (95,178)
 (96,169) (96,116) (96,124) (96,111) (96,188)
 (97,135) (97,171) (97,181)
 (98,198)
 (99,187) (99,162)
 (100,141) (100,179) (100,139) (100,145)
 (101,188) (101,131) (101,167) (101,111) (101,170)
 (102,160) (102,185)
 (103,135) (103,181)
 (104,161) (104,176) (104,166)
 (105,147) (105,156) (105,145)
 (106,148) (106,175)
 (107,115) (107,128) (107,108)
 (108,128) (108,173) (108,190) (108,115) (108,119) (108,123) (108,164)
 (109,190) (109,137)
 (110,200)
 (111,188) (111,194)

 (113,114) (113,142) (113,189)
 (114,160)
 (115,123)
 (116,125) (116,124)
 (117,193) (117,167) (117,151) (117,170)
 (118,137) (118,164)
 (119,173) (119,130)
 (120,133) (120,198) (120,122)
 (121,195)
 (122,159) (122,133) (122,175)
 (123,178) (123,164)
 (124,125)
 (125,158) (125,138)
 (126,157) (126,197) (126,192)
 (127,161) (127,184) (127,140)

 (129,146) (129,134)
 (130,134)
 (131,182) (131,136)
 (132,172) (132,185)

 (134,146)
 (135,181)
 (136,182) (136,152)
 (137,190) (137,164)
 (138,158) (138,183)
 (139,141) (139,192) (139,143) (139,157)
 (140,186) (140,150)
 (141,145)
 (142,155) (142,153) (142,165) (142,189)
 (143,192) (143,191) (143,199)
 (144,199) (144,193) (144,157) (144,191) (144,197)
 (145,163) (145,156)
 (146,154) (146,177)
 (147,160)
 (148,180) (148,175)
 (149,168) (149,174)
 (150,186)
 (151,193) (151,200) (151,191)

 (153,165)
 (154,177) (154,156)

 (156,163)
 (157,197) (157,192) (157,179)
 (158,183)


 (161,184) (161,176)


 (164,178) (164,190)
 (165,168) (165,189) (165,195)
 (166,176) (166,196)
 (167,170)

 (169,188)

 (171,181)
 (172,173) (172,185)



 (176,184)





 (182,194)








 (191,199) (191,193) (191,200)
 (192,197) (192,199)




 (197,199)



;

end;
