# n200d03p3i1.txt

# 38 cluster
param p := 38 ;

# 200 vertici
set V := 
 1 2 3 4 5 6 7 8 9 10 11 12 13 14 15 16 17 18 19 20 21 22 23 24 25 26 27 28 29 30 31 32 33 34 35 36 37 38 39 40 41 42 43 44 45 46 47 48 49 50 51 52 53 54 55 56 57 58 59 60 61 62 63 64 65 66 67 68 69 70 71 72 73 74 75 76 77 78 79 80 81 82 83 84 85 86 87 88 89 90 91 92 93 94 95 96 97 98 99 100 101 102 103 104 105 106 107 108 109 110 111 112 113 114 115 116 117 118 119 120 121 122 123 124 125 126 127 128 129 130 131 132 133 134 135 136 137 138 139 140 141 142 143 144 145 146 147 148 149 150 151 152 153 154 155 156 157 158 159 160 161 162 163 164 165 166 167 168 169 170 171 172 173 174 175 176 177 178 179 180 181 182 183 184 185 186 187 188 189 190 191 192 193 194 195 196 197 198 199 200
;

param w := 
  1    1
  2    1
  3    1
  4    2
  5    3
  6    4
  7    5
  8    6
  9    8
 10   10
 11   11
 12   11
 13   12
 14   12
 15   13
 16   13
 17   16
 18   16
 19   18
 20   18
 21   19
 22   20
 23   21
 24   21
 25   22
 26   24
 27   26
 28   27
 29   29
 30   30
 31   30
 32   30
 33   32
 34   32
 35   33
 36   39
 37   39
 38   40
 39   40
 40   41
 41   41
 42   41
 43   41
 44   42
 45   42
 46   42
 47   42
 48   43
 49   43
 50   43
 51   45
 52   45
 53   45
 54   46
 55   46
 56   46
 57   48
 58   48
 59   48
 60   49
 61   50
 62   53
 63   54
 64   54
 65   55
 66   58
 67   59
 68   62
 69   63
 70   63
 71   63
 72   64
 73   66
 74   67
 75   68
 76   71
 77   72
 78   72
 79   73
 80   73
 81   75
 82   76
 83   78
 84   78
 85   80
 86   81
 87   81
 88   81
 89   82
 90   86
 91   87
 92   87
 93   87
 94   87
 95   88
 96   90
 97   90
 98   93
 99   95
100   96
101   97
102   98
103   99
104  102
105  102
106  106
107  108
108  109
109  111
110  111
111  112
112  112
113  113
114  113
115  113
116  113
117  115
118  117
119  118
120  118
121  119
122  119
123  120
124  121
125  121
126  121
127  124
128  126
129  126
130  128
131  128
132  129
133  130
134  131
135  132
136  132
137  133
138  137
139  138
140  139
141  139
142  140
143  140
144  141
145  144
146  150
147  150
148  151
149  152
150  152
151  156
152  157
153  157
154  159
155  161
156  163
157  164
158  164
159  165
160  165
161  168
162  168
163  169
164  169
165  170
166  172
167  173
168  173
169  174
170  175
171  175
172  176
173  176
174  176
175  177
176  178
177  178
178  181
179  182
180  183
181  183
182  184
183  184
184  184
185  185
186  185
187  187
188  188
189  188
190  190
191  190
192  191
193  192
194  195
195  195
196  195
197  195
198  196
199  198
200  199
;

# 13266 lati
set E := 
 (1,105) (1,136) (1,47) (1,151) (1,44) (1,73) (1,115) (1,158) (1,156) (1,75) (1,88) (1,83) (1,68) (1,147) (1,180) (1,5) (1,181) (1,91) (1,77) (1,32) (1,26) (1,184) (1,67) (1,167) (1,48) (1,198) (1,65) (1,186) (1,2) (1,42) (1,61) (1,13) (1,15) (1,119) (1,123) (1,176) (1,153) (1,194) (1,29) (1,127) (1,98) (1,78) (1,137) (1,22) (1,8) (1,54) (1,126) (1,146) (1,90) (1,134) (1,37) (1,4) (1,31) (1,43) (1,190) (1,152) (1,141) (1,187) (1,193) (1,17) (1,104) (1,69) (1,177) (1,178) (1,23) (1,96)
 (2,31) (2,164) (2,45) (2,178) (2,152) (2,192) (2,38) (2,78) (2,49) (2,108) (2,72) (2,169) (2,168) (2,145) (2,67) (2,46) (2,28) (2,82) (2,191) (2,75) (2,19) (2,185) (2,22) (2,24) (2,106) (2,195) (2,118) (2,184) (2,89) (2,129) (2,57) (2,146) (2,200) (2,196) (2,166) (2,95) (2,141) (2,100) (2,138) (2,179) (2,90) (2,73) (2,188) (2,190) (2,63) (2,33) (2,104) (2,39) (2,105) (2,123) (2,147) (2,102) (2,124) (2,98) (2,115) (2,54) (2,29) (2,3) (2,94) (2,109) (2,160) (2,142) (2,199) (2,186) (2,136) (2,76) (2,14) (2,116) (2,47) (2,40) (2,12)
 (3,100) (3,88) (3,93) (3,183) (3,38) (3,20) (3,84) (3,61) (3,51) (3,14) (3,36) (3,157) (3,107) (3,98) (3,67) (3,133) (3,86) (3,139) (3,85) (3,75) (3,32) (3,141) (3,13) (3,26) (3,24) (3,56) (3,138) (3,113) (3,173) (3,30) (3,66) (3,105) (3,144) (3,81) (3,184) (3,127) (3,190) (3,159) (3,118) (3,35) (3,132) (3,23) (3,147) (3,19) (3,59) (3,47) (3,33) (3,46) (3,27) (3,200) (3,137) (3,199) (3,74) (3,17) (3,8) (3,57) (3,110) (3,92) (3,168) (3,121) (3,160) (3,106) (3,49) (3,7) (3,72) (3,104) (3,73) (3,70) (3,153)
 (4,104) (4,30) (4,18) (4,158) (4,69) (4,26) (4,148) (4,116) (4,19) (4,22) (4,170) (4,106) (4,79) (4,45) (4,92) (4,160) (4,93) (4,65) (4,194) (4,107) (4,25) (4,151) (4,118) (4,145) (4,16) (4,85) (4,149) (4,144) (4,172) (4,103) (4,175) (4,55) (4,50) (4,89) (4,57) (4,82) (4,171) (4,127) (4,173) (4,140) (4,14) (4,74) (4,47) (4,61) (4,37) (4,162) (4,87) (4,137) (4,48) (4,44) (4,154) (4,112) (4,123) (4,63) (4,100) (4,187) (4,166) (4,80) (4,76) (4,10) (4,56) (4,11) (4,195) (4,38) (4,117)
 (5,7) (5,144) (5,179) (5,84) (5,38) (5,98) (5,22) (5,173) (5,174) (5,122) (5,147) (5,47) (5,17) (5,46) (5,119) (5,184) (5,126) (5,14) (5,42) (5,183) (5,25) (5,136) (5,105) (5,49) (5,180) (5,102) (5,111) (5,101) (5,11) (5,44) (5,77) (5,154) (5,166) (5,59) (5,69) (5,94) (5,103) (5,199) (5,40) (5,64) (5,63) (5,132) (5,137) (5,75) (5,104) (5,159) (5,85) (5,39) (5,118) (5,60) (5,156) (5,54) (5,114) (5,190) (5,108) (5,45) (5,125) (5,13) (5,167) (5,146) (5,168) (5,152) (5,171) (5,74)
 (6,51) (6,26) (6,52) (6,114) (6,96) (6,78) (6,199) (6,68) (6,72) (6,80) (6,31) (6,106) (6,101) (6,121) (6,193) (6,183) (6,187) (6,130) (6,37) (6,44) (6,89) (6,128) (6,125) (6,176) (6,137) (6,145) (6,76) (6,38) (6,117) (6,58) (6,104) (6,198) (6,64) (6,61) (6,164) (6,159) (6,120) (6,162) (6,57) (6,23) (6,142) (6,88) (6,182) (6,152) (6,200) (6,45) (6,133) (6,59) (6,82) (6,93) (6,83) (6,84) (6,134) (6,27) (6,147) (6,107) (6,115) (6,74) (6,184) (6,11) (6,175) (6,135) (6,36) (6,169) (6,151) (6,87) (6,186) (6,158) (6,123) (6,20) (6,70) (6,197) (6,60) (6,148) (6,28) (6,189)
 (7,30) (7,198) (7,102) (7,116) (7,120) (7,174) (7,186) (7,29) (7,154) (7,28) (7,70) (7,27) (7,126) (7,18) (7,184) (7,131) (7,145) (7,65) (7,35) (7,158) (7,164) (7,108) (7,170) (7,96) (7,98) (7,124) (7,93) (7,26) (7,59) (7,196) (7,52) (7,24) (7,58) (7,123) (7,54) (7,76) (7,62) (7,140) (7,172) (7,13) (7,160) (7,157) (7,135) (7,48) (7,38) (7,159) (7,180) (7,175) (7,147) (7,15) (7,32) (7,72) (7,95) (7,144) (7,127) (7,194)
 (8,76) (8,182) (8,171) (8,103) (8,152) (8,97) (8,162) (8,200) (8,109) (8,87) (8,100) (8,157) (8,35) (8,145) (8,191) (8,137) (8,72) (8,118) (8,70) (8,167) (8,164) (8,144) (8,190) (8,51) (8,142) (8,158) (8,128) (8,110) (8,46) (8,95) (8,140) (8,68) (8,111) (8,84) (8,20) (8,59) (8,133) (8,28) (8,192) (8,98) (8,154) (8,16) (8,122) (8,23) (8,45) (8,88) (8,11) (8,169) (8,99) (8,163) (8,74) (8,92) (8,176) (8,143) (8,43) (8,184) (8,159) (8,196) (8,166) (8,82) (8,81) (8,25) (8,19)
 (9,200) (9,14) (9,99) (9,181) (9,147) (9,53) (9,49) (9,193) (9,123) (9,23) (9,80) (9,173) (9,151) (9,81) (9,108) (9,170) (9,37) (9,26) (9,183) (9,62) (9,122) (9,175) (9,44) (9,38) (9,188) (9,70) (9,187) (9,42) (9,143) (9,148) (9,71) (9,66) (9,89) (9,111) (9,72) (9,33) (9,134) (9,103) (9,190) (9,83) (9,167) (9,97) (9,56) (9,139) (9,74) (9,132) (9,90) (9,75) (9,144) (9,12) (9,36) (9,84) (9,50) (9,158) (9,29) (9,77) (9,16) (9,105)
 (10,87) (10,121) (10,169) (10,41) (10,31) (10,183) (10,89) (10,127) (10,189) (10,124) (10,135) (10,194) (10,144) (10,147) (10,23) (10,174) (10,131) (10,15) (10,53) (10,175) (10,50) (10,157) (10,142) (10,130) (10,161) (10,39) (10,116) (10,45) (10,107) (10,117) (10,191) (10,76) (10,20) (10,148) (10,32) (10,129) (10,61) (10,177) (10,21) (10,93) (10,44) (10,99) (10,13) (10,82) (10,155) (10,34) (10,40) (10,123) (10,197) (10,35) (10,105) (10,149) (10,198) (10,156) (10,122) (10,81) (10,133) (10,73) (10,83) (10,88) (10,66) (10,185) (10,118)
 (11,192) (11,65) (11,56) (11,191) (11,133) (11,119) (11,174) (11,173) (11,83) (11,80) (11,26) (11,21) (11,195) (11,154) (11,198) (11,87) (11,148) (11,184) (11,113) (11,24) (11,50) (11,31) (11,95) (11,176) (11,72) (11,82) (11,139) (11,46) (11,61) (11,160) (11,185) (11,54) (11,25) (11,29) (11,22) (11,100) (11,17) (11,149) (11,165) (11,84) (11,16) (11,112) (11,108) (11,47) (11,164) (11,116) (11,32) (11,180) (11,122) (11,110) (11,183) (11,36) (11,150) (11,60) (11,121) (11,159) (11,175) (11,123) (11,147) (11,74) (11,115) (11,131) (11,128)
 (12,86) (12,113) (12,90) (12,168) (12,116) (12,167) (12,92) (12,13) (12,76) (12,32) (12,112) (12,101) (12,34) (12,134) (12,144) (12,14) (12,73) (12,197) (12,88) (12,30) (12,138) (12,55) (12,29) (12,154) (12,181) (12,60) (12,187) (12,81) (12,77) (12,196) (12,178) (12,45) (12,132) (12,84) (12,190) (12,31) (12,70) (12,54) (12,118) (12,184) (12,130) (12,52) (12,129) (12,143) (12,117) (12,123) (12,61) (12,177) (12,170) (12,68) (12,71) (12,175) (12,124) (12,66) (12,155) (12,103) (12,28) (12,21) (12,135) (12,148) (12,199) (12,59) (12,49) (12,194) (12,176) (12,42)
 (13,65) (13,162) (13,61) (13,132) (13,16) (13,63) (13,156) (13,124) (13,158) (13,187) (13,49) (13,15) (13,174) (13,24) (13,104) (13,31) (13,47) (13,86) (13,56) (13,34) (13,42) (13,126) (13,169) (13,160) (13,101) (13,20) (13,22) (13,70) (13,85) (13,135) (13,55) (13,36) (13,171) (13,29) (13,189) (13,40) (13,200) (13,123) (13,51) (13,97) (13,114) (13,107) (13,80) (13,33) (13,116) (13,68) (13,88) (13,60) (13,58) (13,179) (13,39) (13,119)
 (14,49) (14,196) (14,89) (14,199) (14,109) (14,169) (14,125) (14,115) (14,127) (14,31) (14,18) (14,148) (14,142) (14,73) (14,50) (14,95) (14,44) (14,104) (14,42) (14,193) (14,58) (14,63) (14,149) (14,21) (14,131) (14,62) (14,77) (14,64) (14,172) (14,182) (14,167) (14,61) (14,122) (14,137) (14,106) (14,85) (14,99) (14,34) (14,114) (14,88) (14,119) (14,105) (14,123) (14,82) (14,175) (14,135) (14,53) (14,197) (14,173) (14,91) (14,136) (14,186) (14,24) (14,93) (14,133) (14,23) (14,56) (14,74) (14,126) (14,158) (14,177) (14,79) (14,33) (14,152) (14,84) (14,103) (14,165) (14,37) (14,76) (14,98) (14,116)
 (15,125) (15,44) (15,77) (15,167) (15,173) (15,156) (15,27) (15,31) (15,187) (15,86) (15,170) (15,175) (15,42) (15,100) (15,107) (15,143) (15,195) (15,56) (15,23) (15,89) (15,147) (15,103) (15,123) (15,51) (15,183) (15,162) (15,185) (15,53) (15,71) (15,82) (15,124) (15,73) (15,157) (15,48) (15,75) (15,74) (15,45) (15,161) (15,189) (15,164) (15,68) (15,91) (15,193) (15,79) (15,132) (15,64) (15,18) (15,94) (15,158) (15,142) (15,144) (15,85) (15,69) (15,138) (15,65) (15,26) (15,66) (15,43) (15,140) (15,20) (15,40) (15,154) (15,122)
 (16,135) (16,163) (16,118) (16,159) (16,185) (16,103) (16,182) (16,197) (16,179) (16,59) (16,48) (16,35) (16,30) (16,76) (16,62) (16,152) (16,125) (16,162) (16,117) (16,65) (16,175) (16,61) (16,24) (16,86) (16,47) (16,100) (16,32) (16,63) (16,81) (16,137) (16,157) (16,114) (16,106) (16,74) (16,169) (16,31) (16,115) (16,41) (16,176) (16,92) (16,146) (16,69) (16,121) (16,60) (16,190) (16,17) (16,147) (16,195) (16,68) (16,128) (16,194) (16,167) (16,96) (16,90) (16,165) (16,22) (16,88) (16,196) (16,84) (16,34) (16,108) (16,189) (16,105) (16,50) (16,45) (16,187) (16,28) (16,36) (16,127) (16,131) (16,133) (16,70) (16,37)
 (17,153) (17,131) (17,135) (17,45) (17,149) (17,140) (17,132) (17,187) (17,81) (17,142) (17,46) (17,178) (17,177) (17,95) (17,123) (17,198) (17,185) (17,53) (17,55) (17,82) (17,154) (17,126) (17,57) (17,192) (17,30) (17,157) (17,147) (17,47) (17,89) (17,138) (17,51) (17,38) (17,67) (17,159) (17,107) (17,24) (17,73) (17,85) (17,35) (17,104) (17,169) (17,92) (17,62) (17,90) (17,137) (17,20) (17,91) (17,19) (17,79) (17,193) (17,115) (17,186) (17,176)
 (18,43) (18,185) (18,59) (18,62) (18,51) (18,72) (18,187) (18,189) (18,28) (18,112) (18,23) (18,115) (18,131) (18,120) (18,94) (18,90) (18,197) (18,177) (18,114) (18,21) (18,22) (18,26) (18,40) (18,54) (18,125) (18,104) (18,150) (18,56) (18,111) (18,44) (18,84) (18,57) (18,87) (18,63) (18,172) (18,55) (18,86) (18,174) (18,116) (18,126) (18,178) (18,103) (18,45) (18,133) (18,142) (18,19) (18,151) (18,76) (18,53) (18,108) (18,38) (18,85) (18,171) (18,81) (18,147) (18,193) (18,167) (18,180) (18,195)
 (19,93) (19,60) (19,37) (19,78) (19,97) (19,98) (19,69) (19,164) (19,152) (19,87) (19,178) (19,83) (19,195) (19,76) (19,123) (19,115) (19,45) (19,187) (19,130) (19,177) (19,89) (19,64) (19,80) (19,147) (19,125) (19,106) (19,54) (19,129) (19,112) (19,161) (19,36) (19,165) (19,119) (19,169) (19,52) (19,21) (19,61) (19,176) (19,85) (19,135) (19,95) (19,56) (19,33) (19,31) (19,171) (19,137) (19,48) (19,90) (19,191) (19,143) (19,30) (19,128) (19,172) (19,199) (19,29) (19,109) (19,192)
 (20,79) (20,80) (20,64) (20,72) (20,195) (20,144) (20,39) (20,115) (20,22) (20,185) (20,122) (20,140) (20,88) (20,113) (20,40) (20,160) (20,30) (20,42) (20,35) (20,150) (20,70) (20,66) (20,194) (20,130) (20,169) (20,175) (20,137) (20,158) (20,34) (20,53) (20,124) (20,152) (20,90) (20,108) (20,120) (20,177) (20,193) (20,104) (20,89) (20,112) (20,82) (20,165) (20,132) (20,141) (20,187) (20,166) (20,102) (20,156) (20,103) (20,93) (20,99) (20,189) (20,199) (20,155) (20,23) (20,71) (20,157) (20,167) (20,139) (20,145)
 (21,101) (21,115) (21,190) (21,123) (21,49) (21,55) (21,117) (21,22) (21,51) (21,93) (21,72) (21,53) (21,164) (21,160) (21,33) (21,76) (21,98) (21,140) (21,32) (21,64) (21,172) (21,192) (21,87) (21,184) (21,65) (21,158) (21,180) (21,91) (21,108) (21,26) (21,167) (21,44) (21,27) (21,159) (21,77) (21,62) (21,36) (21,35) (21,67) (21,71) (21,82) (21,104) (21,54) (21,105) (21,30) (21,34) (21,69) (21,46) (21,31) (21,157) (21,129) (21,145) (21,116) (21,92) (21,59) (21,107) (21,74) (21,191) (21,39) (21,175) (21,118)
 (22,80) (22,133) (22,83) (22,111) (22,159) (22,82) (22,123) (22,172) (22,62) (22,144) (22,190) (22,166) (22,48) (22,129) (22,70) (22,171) (22,119) (22,88) (22,77) (22,102) (22,158) (22,41) (22,96) (22,137) (22,34) (22,194) (22,131) (22,192) (22,50) (22,95) (22,37) (22,60) (22,124) (22,106) (22,89) (22,75) (22,86) (22,57) (22,110) (22,165) (22,114) (22,28) (22,71) (22,116) (22,177) (22,53) (22,35) (22,100) (22,81) (22,180) (22,173) (22,122) (22,193) (22,149) (22,141) (22,59)
 (23,139) (23,98) (23,143) (23,171) (23,45) (23,173) (23,126) (23,46) (23,49) (23,60) (23,88) (23,63) (23,122) (23,136) (23,59) (23,191) (23,190) (23,89) (23,118) (23,68) (23,47) (23,141) (23,196) (23,109) (23,44) (23,79) (23,189) (23,163) (23,31) (23,169) (23,85) (23,146) (23,95) (23,177) (23,58) (23,48) (23,76) (23,53) (23,104) (23,159) (23,61) (23,94) (23,198) (23,197) (23,161) (23,153) (23,157) (23,172) (23,73) (23,69) (23,154)
 (24,174) (24,143) (24,127) (24,115) (24,67) (24,193) (24,154) (24,151) (24,188) (24,121) (24,124) (24,160) (24,43) (24,166) (24,60) (24,144) (24,87) (24,137) (24,108) (24,63) (24,177) (24,133) (24,45) (24,64) (24,94) (24,170) (24,42) (24,26) (24,179) (24,130) (24,98) (24,76) (24,138) (24,183) (24,54) (24,86) (24,148) (24,155) (24,89) (24,71) (24,192) (24,147) (24,29) (24,106) (24,116) (24,58) (24,131) (24,30) (24,161) (24,197) (24,69) (24,90) (24,113) (24,132) (24,105) (24,66) (24,77) (24,165) (24,25) (24,95) (24,176) (24,91) (24,101)
 (25,104) (25,106) (25,178) (25,72) (25,143) (25,44) (25,144) (25,169) (25,38) (25,93) (25,113) (25,49) (25,175) (25,139) (25,103) (25,50) (25,30) (25,190) (25,66) (25,35) (25,34) (25,36) (25,131) (25,62) (25,200) (25,149) (25,114) (25,160) (25,27) (25,40) (25,141) (25,59) (25,128) (25,181) (25,88) (25,182) (25,195) (25,53) (25,85) (25,177) (25,43) (25,28) (25,81) (25,124) (25,26) (25,172) (25,135) (25,123) (25,197) (25,48) (25,155) (25,82) (25,184) (25,112) (25,146)
 (26,166) (26,71) (26,61) (26,41) (26,164) (26,114) (26,124) (26,165) (26,91) (26,184) (26,98) (26,82) (26,139) (26,99) (26,131) (26,67) (26,112) (26,70) (26,58) (26,74) (26,39) (26,100) (26,180) (26,113) (26,111) (26,43) (26,29) (26,66) (26,137) (26,117) (26,135) (26,64) (26,115) (26,94) (26,134) (26,171) (26,125) (26,95) (26,80) (26,52) (26,40) (26,49) (26,161) (26,42) (26,30) (26,198) (26,36) (26,92) (26,28) (26,65) (26,101) (26,172) (26,154) (26,59) (26,90) (26,104)
 (27,199) (27,90) (27,109) (27,122) (27,96) (27,188) (27,192) (27,161) (27,154) (27,132) (27,185) (27,141) (27,111) (27,78) (27,149) (27,44) (27,151) (27,160) (27,67) (27,29) (27,95) (27,137) (27,84) (27,145) (27,168) (27,104) (27,177) (27,102) (27,94) (27,191) (27,196) (27,146) (27,169) (27,113) (27,114) (27,88) (27,65) (27,194) (27,30) (27,167) (27,71) (27,142) (27,144) (27,40) (27,121) (27,153) (27,47) (27,117) (27,112) (27,173) (27,106) (27,187) (27,91) (27,165)
 (28,174) (28,92) (28,118) (28,195) (28,109) (28,59) (28,68) (28,120) (28,100) (28,169) (28,114) (28,104) (28,84) (28,29) (28,145) (28,87) (28,151) (28,83) (28,146) (28,186) (28,129) (28,173) (28,176) (28,56) (28,162) (28,135) (28,89) (28,158) (28,62) (28,81) (28,82) (28,67) (28,189) (28,52) (28,110) (28,66) (28,164) (28,102) (28,96) (28,111) (28,165) (28,63) (28,41) (28,94) (28,152) (28,95) (28,77) (28,103) (28,65) (28,44)
 (29,120) (29,74) (29,164) (29,43) (29,84) (29,86) (29,167) (29,165) (29,161) (29,179) (29,103) (29,34) (29,31) (29,200) (29,127) (29,66) (29,184) (29,146) (29,77) (29,195) (29,38) (29,55) (29,183) (29,123) (29,125) (29,131) (29,191) (29,110) (29,142) (29,97) (29,95) (29,188) (29,140) (29,138) (29,107) (29,63) (29,141) (29,57) (29,72) (29,178) (29,41) (29,101) (29,158) (29,99) (29,37) (29,61) (29,96) (29,93) (29,190) (29,109) (29,186) (29,132) (29,75) (29,162) (29,90) (29,152) (29,113) (29,197) (29,176) (29,177) (29,68) (29,187) (29,100) (29,168) (29,172) (29,169) (29,174) (29,129) (29,170)
 (30,92) (30,108) (30,157) (30,43) (30,99) (30,194) (30,75) (30,91) (30,60) (30,142) (30,98) (30,57) (30,167) (30,49) (30,148) (30,56) (30,121) (30,134) (30,139) (30,200) (30,162) (30,137) (30,177) (30,183) (30,97) (30,179) (30,74) (30,193) (30,195) (30,170) (30,153) (30,40) (30,64) (30,39) (30,172) (30,77) (30,129) (30,191) (30,161) (30,110) (30,69) (30,67) (30,146) (30,188) (30,95) (30,144) (30,123) (30,187) (30,120) (30,72) (30,53) (30,118)
 (31,114) (31,57) (31,107) (31,90) (31,58) (31,97) (31,68) (31,184) (31,185) (31,176) (31,195) (31,71) (31,79) (31,168) (31,196) (31,155) (31,116) (31,151) (31,50) (31,123) (31,53) (31,63) (31,66) (31,188) (31,198) (31,37) (31,59) (31,145) (31,147) (31,48) (31,121) (31,175) (31,146) (31,153) (31,149) (31,43) (31,125) (31,178) (31,102) (31,183) (31,110) (31,101) (31,135) (31,194) (31,106) (31,55) (31,54) (31,157) (31,130) (31,94) (31,89) (31,141) (31,118) (31,127) (31,124)
 (32,103) (32,52) (32,142) (32,58) (32,66) (32,170) (32,41) (32,185) (32,91) (32,180) (32,102) (32,83) (32,65) (32,165) (32,128) (32,143) (32,80) (32,81) (32,115) (32,86) (32,68) (32,187) (32,135) (32,104) (32,157) (32,134) (32,37) (32,45) (32,125) (32,105) (32,146) (32,191) (32,156) (32,33) (32,60) (32,195) (32,153) (32,79) (32,92) (32,182) (32,184) (32,56) (32,138) (32,77) (32,120) (32,188) (32,159) (32,116) (32,38) (32,59) (32,40) (32,96) (32,129) (32,34) (32,78) (32,145) (32,50) (32,186) (32,166) (32,46) (32,62) (32,113) (32,174) (32,67) (32,106) (32,118) (32,139)
 (33,87) (33,161) (33,107) (33,80) (33,111) (33,167) (33,155) (33,89) (33,145) (33,186) (33,169) (33,181) (33,178) (33,61) (33,149) (33,171) (33,71) (33,117) (33,164) (33,100) (33,54) (33,72) (33,197) (33,170) (33,110) (33,40) (33,132) (33,64) (33,45) (33,156) (33,76) (33,47) (33,36) (33,198) (33,70) (33,168) (33,112) (33,154) (33,142) (33,67) (33,183) (33,51) (33,108) (33,46) (33,196) (33,103) (33,195) (33,163)
 (34,77) (34,71) (34,53) (34,136) (34,164) (34,141) (34,81) (34,79) (34,104) (34,47) (34,187) (34,195) (34,101) (34,161) (34,118) (34,111) (34,169) (34,83) (34,42) (34,55) (34,152) (34,151) (34,59) (34,181) (34,170) (34,93) (34,150) (34,119) (34,115) (34,113) (34,199) (34,121) (34,200) (34,147) (34,90) (34,193) (34,174) (34,107) (34,46) (34,156) (34,160) (34,62) (34,41) (34,189) (34,64) (34,73) (34,148) (34,85) (34,128) (34,142) (34,186) (34,54) (34,95) (34,86) (34,109) (34,171) (34,138) (34,51) (34,165)
 (35,168) (35,133) (35,67) (35,180) (35,88) (35,122) (35,126) (35,36) (35,77) (35,117) (35,116) (35,127) (35,128) (35,174) (35,196) (35,147) (35,41) (35,91) (35,84) (35,124) (35,109) (35,53) (35,144) (35,79) (35,78) (35,50) (35,102) (35,197) (35,42) (35,90) (35,139) (35,163) (35,57) (35,37) (35,107) (35,154) (35,81) (35,89) (35,65) (35,166) (35,103) (35,72) (35,119) (35,200) (35,199) (35,83) (35,40) (35,97) (35,96) (35,56) (35,181) (35,175) (35,137) (35,47) (35,99) (35,75) (35,66) (35,176) (35,153) (35,146)
 (36,124) (36,66) (36,128) (36,193) (36,113) (36,115) (36,92) (36,47) (36,170) (36,133) (36,74) (36,109) (36,165) (36,139) (36,96) (36,132) (36,86) (36,50) (36,143) (36,58) (36,73) (36,71) (36,182) (36,150) (36,68) (36,54) (36,75) (36,84) (36,77) (36,145) (36,101) (36,91) (36,168) (36,178) (36,156) (36,153) (36,44) (36,194) (36,159) (36,166) (36,63) (36,162) (36,38) (36,190) (36,72) (36,152) (36,140) (36,161) (36,191)
 (37,97) (37,74) (37,40) (37,157) (37,138) (37,165) (37,96) (37,66) (37,169) (37,64) (37,61) (37,121) (37,118) (37,60) (37,193) (37,77) (37,192) (37,154) (37,99) (37,151) (37,92) (37,110) (37,114) (37,136) (37,62) (37,182) (37,119) (37,183) (37,102) (37,180) (37,188) (37,84) (37,124) (37,163) (37,127) (37,69) (37,167) (37,103) (37,105) (37,126) (37,190) (37,93) (37,108) (37,76) (37,131) (37,135) (37,50) (37,94) (37,187) (37,194) (37,88) (37,83) (37,86) (37,159) (37,132) (37,175) (37,147)
 (38,51) (38,88) (38,57) (38,95) (38,197) (38,61) (38,134) (38,39) (38,133) (38,86) (38,198) (38,104) (38,60) (38,167) (38,173) (38,75) (38,191) (38,98) (38,113) (38,108) (38,124) (38,146) (38,118) (38,175) (38,107) (38,58) (38,183) (38,195) (38,89) (38,161) (38,136) (38,128) (38,65) (38,152) (38,55) (38,142) (38,72) (38,87) (38,50) (38,132) (38,69) (38,148) (38,171) (38,78) (38,40) (38,120) (38,71) (38,42) (38,199) (38,187) (38,172) (38,41) (38,178) (38,103) (38,185) (38,73)
 (39,78) (39,173) (39,196) (39,64) (39,161) (39,53) (39,135) (39,200) (39,197) (39,77) (39,186) (39,193) (39,49) (39,159) (39,131) (39,42) (39,192) (39,109) (39,101) (39,62) (39,133) (39,168) (39,41) (39,160) (39,96) (39,142) (39,65) (39,128) (39,106) (39,171) (39,66) (39,182) (39,74) (39,187) (39,163) (39,124) (39,125) (39,48) (39,84) (39,130) (39,50) (39,57) (39,102) (39,60) (39,145) (39,107) (39,172) (39,103) (39,46) (39,91) (39,118) (39,139) (39,58) (39,194) (39,89) (39,54) (39,178) (39,141) (39,86) (39,198) (39,170) (39,162) (39,155) (39,85) (39,69)
 (40,131) (40,187) (40,128) (40,83) (40,58) (40,48) (40,74) (40,146) (40,82) (40,162) (40,188) (40,109) (40,88) (40,147) (40,138) (40,64) (40,118) (40,179) (40,41) (40,104) (40,163) (40,84) (40,182) (40,154) (40,71) (40,85) (40,49) (40,42) (40,76) (40,92) (40,181) (40,86) (40,170) (40,145) (40,156) (40,119) (40,180) (40,121) (40,153) (40,164) (40,149) (40,141) (40,98) (40,57) (40,135) (40,155) (40,176) (40,191) (40,62) (40,47) (40,108) (40,44) (40,165) (40,90) (40,200) (40,87) (40,106)
 (41,54) (41,168) (41,164) (41,66) (41,169) (41,155) (41,170) (41,174) (41,97) (41,75) (41,189) (41,43) (41,47) (41,68) (41,171) (41,124) (41,180) (41,83) (41,46) (41,188) (41,100) (41,181) (41,176) (41,70) (41,177) (41,130) (41,152) (41,88) (41,81) (41,187) (41,137) (41,197) (41,86) (41,103) (41,149) (41,105) (41,85) (41,61) (41,84) (41,121) (41,144) (41,147) (41,115) (41,162) (41,108) (41,79) (41,160) (41,62) (41,148) (41,78) (41,45) (41,120) (41,67) (41,185)
 (42,96) (42,144) (42,159) (42,114) (42,92) (42,150) (42,178) (42,49) (42,168) (42,166) (42,138) (42,179) (42,57) (42,186) (42,199) (42,164) (42,141) (42,71) (42,102) (42,100) (42,156) (42,119) (42,125) (42,129) (42,137) (42,93) (42,115) (42,112) (42,162) (42,47) (42,56) (42,116) (42,75) (42,151) (42,82) (42,175) (42,113) (42,154) (42,84) (42,171) (42,110) (42,184) (42,65) (42,107) (42,158) (42,128) (42,177) (42,58) (42,174) (42,161) (42,187) (42,124) (42,45) (42,88)
 (43,168) (43,50) (43,141) (43,175) (43,184) (43,94) (43,118) (43,57) (43,120) (43,75) (43,77) (43,98) (43,89) (43,167) (43,76) (43,109) (43,99) (43,107) (43,189) (43,56) (43,45) (43,134) (43,68) (43,72) (43,176) (43,97) (43,64) (43,198) (43,87) (43,48) (43,47) (43,84) (43,182) (43,143) (43,131) (43,136) (43,54) (43,104) (43,200) (43,172) (43,173) (43,170) (43,80) (43,90) (43,145) (43,152) (43,67) (43,169) (43,116) (43,44) (43,123) (43,119) (43,112) (43,91) (43,92) (43,195) (43,121) (43,157) (43,129) (43,162) (43,46) (43,160) (43,55) (43,190)
 (44,120) (44,90) (44,101) (44,71) (44,99) (44,190) (44,122) (44,148) (44,191) (44,161) (44,135) (44,98) (44,167) (44,118) (44,53) (44,75) (44,195) (44,184) (44,91) (44,123) (44,163) (44,58) (44,104) (44,57) (44,172) (44,79) (44,134) (44,139) (44,193) (44,153) (44,140) (44,189) (44,93) (44,126)
 (45,84) (45,47) (45,195) (45,114) (45,127) (45,86) (45,68) (45,143) (45,167) (45,96) (45,191) (45,140) (45,105) (45,93) (45,138) (45,157) (45,56) (45,94) (45,182) (45,194) (45,171) (45,99) (45,187) (45,63) (45,88) (45,148) (45,73) (45,150) (45,49) (45,103) (45,80) (45,190) (45,161) (45,110) (45,77) (45,189) (45,122) (45,107) (45,192) (45,112) (45,46) (45,111) (45,180) (45,118) (45,156) (45,109) (45,198) (45,126) (45,145) (45,48) (45,128) (45,65) (45,92) (45,58) (45,57) (45,69)
 (46,110) (46,105) (46,199) (46,128) (46,124) (46,62) (46,187) (46,156) (46,108) (46,94) (46,177) (46,191) (46,132) (46,174) (46,86) (46,184) (46,161) (46,130) (46,67) (46,141) (46,134) (46,195) (46,53) (46,65) (46,192) (46,125) (46,51) (46,159) (46,99) (46,129) (46,131) (46,144) (46,123) (46,158) (46,154) (46,91) (46,109) (46,180) (46,183) (46,112) (46,66) (46,178) (46,115) (46,181) (46,146) (46,133) (46,170) (46,164) (46,101) (46,103)
 (47,144) (47,173) (47,129) (47,85) (47,163) (47,101) (47,111) (47,158) (47,76) (47,87) (47,55) (47,104) (47,102) (47,100) (47,71) (47,123) (47,177) (47,151) (47,105) (47,195) (47,139) (47,78) (47,89) (47,124) (47,127) (47,176) (47,167) (47,106) (47,58) (47,183) (47,83) (47,145) (47,157) (47,179) (47,112) (47,178) (47,116) (47,122) (47,161) (47,107) (47,77) (47,168) (47,48) (47,82) (47,165) (47,132) (47,120) (47,108)
 (48,127) (48,57) (48,195) (48,144) (48,94) (48,178) (48,130) (48,169) (48,82) (48,101) (48,183) (48,124) (48,157) (48,175) (48,184) (48,163) (48,79) (48,153) (48,166) (48,75) (48,139) (48,97) (48,50) (48,113) (48,188) (48,145) (48,100) (48,53) (48,152) (48,106) (48,119) (48,96) (48,142) (48,115) (48,95) (48,62) (48,60) (48,164) (48,54) (48,99) (48,194) (48,200) (48,138) (48,180) (48,120) (48,123) (48,114) (48,108) (48,91) (48,140) (48,193) (48,52) (48,161) (48,98) (48,85) (48,72) (48,150) (48,86) (48,84) (48,92) (48,63) (48,103)
 (49,181) (49,90) (49,50) (49,95) (49,151) (49,183) (49,88) (49,147) (49,114) (49,189) (49,77) (49,188) (49,177) (49,118) (49,78) (49,161) (49,93) (49,59) (49,102) (49,135) (49,96) (49,52) (49,58) (49,166) (49,134) (49,110) (49,112) (49,185) (49,138) (49,116) (49,61) (49,146) (49,53) (49,56) (49,123) (49,98) (49,195) (49,68) (49,140) (49,162) (49,89) (49,107) (49,129) (49,92) (49,73) (49,182) (49,100) (49,152) (49,51) (49,126)
 (50,183) (50,65) (50,118) (50,176) (50,189) (50,138) (50,75) (50,84) (50,170) (50,187) (50,107) (50,155) (50,113) (50,140) (50,167) (50,70) (50,73) (50,67) (50,61) (50,56) (50,96) (50,154) (50,66) (50,179) (50,131) (50,192) (50,199) (50,92) (50,76) (50,63) (50,88) (50,91) (50,191) (50,111) (50,200) (50,101) (50,90) (50,152) (50,68) (50,98) (50,83) (50,195) (50,163) (50,146) (50,164) (50,130) (50,55) (50,108) (50,193) (50,69) (50,81) (50,60) (50,144) (50,74) (50,132)
 (51,146) (51,180) (51,68) (51,104) (51,121) (51,168) (51,144) (51,94) (51,66) (51,52) (51,188) (51,189) (51,183) (51,175) (51,127) (51,128) (51,69) (51,73) (51,67) (51,85) (51,166) (51,199) (51,65) (51,75) (51,164) (51,124) (51,198) (51,82) (51,81) (51,115) (51,95) (51,187) (51,105) (51,71) (51,119) (51,140) (51,107) (51,190) (51,194) (51,56) (51,114) (51,171) (51,172) (51,117) (51,93) (51,176)
 (52,155) (52,128) (52,195) (52,121) (52,104) (52,95) (52,97) (52,156) (52,80) (52,140) (52,196) (52,54) (52,179) (52,134) (52,115) (52,150) (52,135) (52,78) (52,125) (52,68) (52,157) (52,133) (52,77) (52,62) (52,176) (52,143) (52,122) (52,100) (52,178) (52,56) (52,158) (52,57) (52,66) (52,167) (52,132) (52,53) (52,89) (52,172) (52,96) (52,116) (52,187) (52,139) (52,61) (52,70) (52,79) (52,189)
 (53,114) (53,71) (53,119) (53,130) (53,128) (53,144) (53,162) (53,80) (53,143) (53,79) (53,146) (53,58) (53,135) (53,175) (53,123) (53,106) (53,193) (53,94) (53,97) (53,125) (53,138) (53,168) (53,54) (53,197) (53,105) (53,136) (53,137) (53,88) (53,149) (53,109) (53,183) (53,76) (53,155) (53,180) (53,116) (53,161) (53,102) (53,153) (53,152) (53,134) (53,68) (53,129) (53,150) (53,74) (53,65) (53,171) (53,64) (53,187) (53,77) (53,73) (53,56) (53,126)
 (54,67) (54,147) (54,128) (54,189) (54,198) (54,183) (54,169) (54,111) (54,94) (54,59) (54,79) (54,137) (54,84) (54,93) (54,119) (54,178) (54,113) (54,60) (54,89) (54,185) (54,132) (54,193) (54,109) (54,107) (54,148) (54,110) (54,74) (54,129) (54,105) (54,90) (54,63) (54,96) (54,187) (54,80) (54,196) (54,146) (54,150) (54,88) (54,200) (54,165) (54,174) (54,197) (54,136) (54,159) (54,155) (54,163) (54,135) (54,65) (54,160) (54,131)
 (55,108) (55,167) (55,190) (55,155) (55,157) (55,120) (55,175) (55,126) (55,136) (55,180) (55,66) (55,89) (55,135) (55,117) (55,139) (55,67) (55,191) (55,121) (55,168) (55,156) (55,83) (55,77) (55,183) (55,98) (55,142) (55,88) (55,144) (55,196) (55,65) (55,173) (55,97) (55,59) (55,71) (55,112) (55,132) (55,164) (55,119) (55,103) (55,151) (55,102) (55,57) (55,187) (55,163) (55,60) (55,134) (55,188) (55,200) (55,79) (55,113) (55,140) (55,84) (55,141) (55,128)
 (56,182) (56,146) (56,167) (56,185) (56,116) (56,108) (56,105) (56,125) (56,57) (56,90) (56,144) (56,129) (56,107) (56,103) (56,76) (56,115) (56,111) (56,126) (56,70) (56,83) (56,143) (56,134) (56,89) (56,147) (56,114) (56,132) (56,100) (56,152) (56,62) (56,96) (56,176) (56,112) (56,141) (56,91) (56,153) (56,166) (56,142) (56,127) (56,135) (56,140) (56,87) (56,174) (56,170) (56,164) (56,188) (56,165) (56,118) (56,122) (56,60) (56,133) (56,101) (56,121) (56,181) (56,98) (56,95) (56,178) (56,200)
 (57,130) (57,137) (57,135) (57,83) (57,66) (57,146) (57,158) (57,145) (57,197) (57,131) (57,82) (57,62) (57,171) (57,139) (57,88) (57,168) (57,109) (57,102) (57,129) (57,123) (57,156) (57,164) (57,162) (57,70) (57,179) (57,99) (57,79) (57,187) (57,182) (57,84) (57,190) (57,194) (57,153) (57,157) (57,181) (57,166) (57,92) (57,132) (57,134) (57,91) (57,116) (57,106) (57,154) (57,103) (57,63) (57,104) (57,81) (57,177) (57,196) (57,170) (57,155) (57,199)
 (58,106) (58,107) (58,194) (58,76) (58,82) (58,128) (58,195) (58,198) (58,85) (58,175) (58,92) (58,156) (58,100) (58,94) (58,60) (58,146) (58,171) (58,188) (58,130) (58,70) (58,63) (58,126) (58,178) (58,117) (58,110) (58,180) (58,115) (58,137) (58,67) (58,89) (58,169) (58,174) (58,113) (58,104) (58,184) (58,74) (58,124) (58,191) (58,112) (58,129) (58,159) (58,61) (58,102) (58,135) (58,87) (58,182) (58,62) (58,77) (58,149) (58,65) (58,145) (58,84) (58,80) (58,111) (58,73) (58,168)
 (59,163) (59,179) (59,156) (59,93) (59,164) (59,193) (59,196) (59,95) (59,71) (59,116) (59,139) (59,105) (59,140) (59,184) (59,73) (59,82) (59,167) (59,62) (59,199) (59,106) (59,149) (59,189) (59,126) (59,72) (59,67) (59,162) (59,191) (59,114) (59,84) (59,136) (59,181) (59,90) (59,91) (59,169) (59,100) (59,135) (59,96) (59,94) (59,103) (59,146) (59,109) (59,98) (59,102) (59,175) (59,160) (59,61)
 (60,152) (60,176) (60,132) (60,117) (60,165) (60,181) (60,138) (60,155) (60,160) (60,72) (60,136) (60,84) (60,76) (60,102) (60,113) (60,133) (60,73) (60,111) (60,80) (60,130) (60,167) (60,142) (60,162) (60,144) (60,126) (60,82) (60,150) (60,146) (60,186) (60,85) (60,99) (60,177) (60,197) (60,106) (60,66) (60,183) (60,140) (60,192) (60,122) (60,120) (60,119) (60,200) (60,88) (60,124) (60,98) (60,156)
 (61,185) (61,81) (61,178) (61,64) (61,199) (61,191) (61,157) (61,165) (61,171) (61,109) (61,127) (61,180) (61,80) (61,107) (61,76) (61,88) (61,116) (61,128) (61,136) (61,96) (61,110) (61,66) (61,121) (61,74) (61,117) (61,177) (61,79) (61,124) (61,181) (61,118) (61,166) (61,187) (61,132) (61,135) (61,85) (61,197) (61,144) (61,89) (61,63) (61,174) (61,137) (61,73) (61,175)
 (62,154) (62,191) (62,197) (62,74) (62,123) (62,116) (62,126) (62,174) (62,81) (62,117) (62,125) (62,75) (62,119) (62,130) (62,151) (62,70) (62,137) (62,110) (62,84) (62,78) (62,159) (62,164) (62,103) (62,156) (62,144) (62,66) (62,86) (62,165) (62,132) (62,177) (62,200) (62,69) (62,163) (62,188) (62,65) (62,100) (62,89) (62,185) (62,80) (62,83) (62,114) (62,96) (62,73) (62,87) (62,150) (62,138) (62,91) (62,98)
 (63,133) (63,160) (63,198) (63,131) (63,122) (63,148) (63,169) (63,89) (63,135) (63,69) (63,104) (63,134) (63,156) (63,66) (63,108) (63,71) (63,96) (63,188) (63,90) (63,159) (63,179) (63,138) (63,194) (63,143) (63,124) (63,75) (63,106) (63,114) (63,157) (63,199) (63,155) (63,161) (63,168) (63,102) (63,152) (63,93) (63,151) (63,180) (63,166) (63,165) (63,167) (63,184) (63,171) (63,186) (63,149) (63,162) (63,181) (63,64) (63,175) (63,193) (63,70) (63,119) (63,189) (63,115) (63,91) (63,147)
 (64,70) (64,141) (64,107) (64,77) (64,126) (64,72) (64,168) (64,98) (64,156) (64,66) (64,87) (64,119) (64,133) (64,99) (64,96) (64,69) (64,101) (64,84) (64,65) (64,187) (64,112) (64,81) (64,146) (64,164) (64,121) (64,103) (64,68) (64,86) (64,78) (64,174) (64,100) (64,135) (64,90) (64,173) (64,162) (64,94) (64,182) (64,128) (64,138) (64,175) (64,92) (64,161)
 (65,181) (65,169) (65,172) (65,104) (65,160) (65,125) (65,154) (65,109) (65,135) (65,156) (65,78) (65,192) (65,80) (65,122) (65,90) (65,113) (65,86) (65,174) (65,137) (65,116) (65,110) (65,81) (65,128) (65,69) (65,105) (65,71) (65,107) (65,152) (65,77) (65,74) (65,130) (65,171) (65,134) (65,95)
 (66,148) (66,142) (66,123) (66,170) (66,105) (66,163) (66,182) (66,158) (66,87) (66,190) (66,114) (66,145) (66,136) (66,121) (66,116) (66,115) (66,128) (66,194) (66,135) (66,162) (66,73) (66,186) (66,161) (66,175) (66,139) (66,98) (66,173) (66,88) (66,159) (66,200) (66,180) (66,174) (66,130) (66,120) (66,97) (66,75) (66,67) (66,154) (66,141) (66,118) (66,165) (66,86) (66,100) (66,138)
 (67,141) (67,135) (67,91) (67,100) (67,184) (67,165) (67,118) (67,122) (67,191) (67,128) (67,125) (67,142) (67,107) (67,106) (67,194) (67,69) (67,157) (67,159) (67,197) (67,87) (67,104) (67,139) (67,75) (67,176) (67,124) (67,146) (67,121) (67,134) (67,68) (67,115) (67,172) (67,147) (67,95) (67,175) (67,185) (67,76) (67,186) (67,143)
 (68,194) (68,99) (68,169) (68,96) (68,176) (68,114) (68,142) (68,72) (68,156) (68,191) (68,84) (68,127) (68,79) (68,133) (68,132) (68,111) (68,130) (68,183) (68,143) (68,174) (68,175) (68,155) (68,104) (68,157) (68,95) (68,69) (68,101) (68,140) (68,167) (68,200) (68,82) (68,98) (68,88) (68,105) (68,81) (68,103) (68,184) (68,115) (68,78) (68,80) (68,117) (68,148) (68,170) (68,71) (68,134) (68,123)
 (69,126) (69,111) (69,159) (69,149) (69,125) (69,91) (69,81) (69,130) (69,136) (69,74) (69,73) (69,103) (69,86) (69,197) (69,98) (69,114) (69,146) (69,144) (69,198) (69,179) (69,133) (69,104) (69,131) (69,83) (69,117) (69,141) (69,177) (69,194) (69,138) (69,137) (69,160) (69,165) (69,191) (69,200) (69,94) (69,72) (69,85) (69,118) (69,161) (69,183) (69,123) (69,173)
 (70,112) (70,113) (70,80) (70,74) (70,95) (70,200) (70,181) (70,190) (70,163) (70,182) (70,137) (70,93) (70,96) (70,157) (70,110) (70,103) (70,143) (70,86) (70,84) (70,151) (70,140) (70,199) (70,90) (70,141) (70,155) (70,78) (70,180) (70,188) (70,179) (70,79) (70,111) (70,121) (70,168) (70,164) (70,171) (70,130) (70,184) (70,146) (70,160) (70,114) (70,186)
 (71,97) (71,117) (71,125) (71,160) (71,182) (71,188) (71,146) (71,164) (71,112) (71,131) (71,104) (71,167) (71,138) (71,175) (71,132) (71,87) (71,74) (71,193) (71,141) (71,94) (71,140) (71,184) (71,200) (71,161) (71,85) (71,162) (71,127) (71,134) (71,177) (71,124) (71,171) (71,180) (71,122) (71,99) (71,151) (71,102) (71,129) (71,136) (71,174) (71,88) (71,79) (71,137) (71,168) (71,76) (71,166) (71,185)
 (72,163) (72,120) (72,172) (72,169) (72,156) (72,102) (72,154) (72,107) (72,132) (72,75) (72,81) (72,134) (72,103) (72,148) (72,196) (72,182) (72,177) (72,130) (72,194) (72,174) (72,98) (72,105) (72,101) (72,168) (72,188) (72,165) (72,136) (72,200) (72,145) (72,114) (72,131) (72,89) (72,150) (72,94) (72,155) (72,144) (72,86) (72,138) (72,90) (72,119) (72,118) (72,97)
 (73,129) (73,152) (73,155) (73,199) (73,179) (73,124) (73,170) (73,120) (73,123) (73,141) (73,88) (73,193) (73,85) (73,145) (73,94) (73,180) (73,109) (73,156) (73,171) (73,194) (73,113) (73,90) (73,190) (73,147) (73,80) (73,182) (73,93) (73,137) (73,102) (73,192) (73,78) (73,79) (73,96) (73,100) (73,184) (73,139) (73,151) (73,172) (73,130) (73,163) (73,87) (73,126)
 (74,128) (74,193) (74,106) (74,110) (74,132) (74,108) (74,87) (74,146) (74,195) (74,86) (74,113) (74,120) (74,198) (74,77) (74,116) (74,78) (74,94) (74,171) (74,126) (74,192) (74,111) (74,85) (74,97) (74,117) (74,119) (74,152) (74,137) (74,167) (74,142) (74,93) (74,107) (74,103) (74,189) (74,118)
 (75,190) (75,142) (75,165) (75,87) (75,92) (75,156) (75,118) (75,107) (75,154) (75,130) (75,97) (75,162) (75,155) (75,109) (75,132) (75,158) (75,196) (75,193) (75,122) (75,95) (75,86) (75,120) (75,98) (75,100) (75,134) (75,140) (75,178) (75,150) (75,110) (75,148) (75,179) (75,188) (75,176) (75,180) (75,184) (75,99) (75,177)
 (76,154) (76,185) (76,177) (76,129) (76,99) (76,89) (76,183) (76,193) (76,147) (76,186) (76,111) (76,143) (76,152) (76,97) (76,109) (76,77) (76,170) (76,128) (76,118) (76,140) (76,117) (76,94) (76,81) (76,187) (76,199) (76,160) (76,135) (76,108) (76,112) (76,198) (76,156) (76,144) (76,188) (76,116) (76,161) (76,196) (76,82) (76,90) (76,85) (76,132) (76,80) (76,103)
 (77,90) (77,164) (77,162) (77,135) (77,99) (77,108) (77,95) (77,194) (77,165) (77,154) (77,180) (77,139) (77,160) (77,158) (77,132) (77,188) (77,189) (77,126) (77,152) (77,100) (77,184) (77,147) (77,114) (77,79) (77,109) (77,191) (77,143) (77,149) (77,128) (77,96) (77,144) (77,117) (77,110) (77,192) (77,112)
 (78,119) (78,191) (78,190) (78,88) (78,80) (78,151) (78,156) (78,107) (78,140) (78,143) (78,188) (78,146) (78,196) (78,87) (78,167) (78,129) (78,181) (78,147) (78,133) (78,104) (78,90) (78,126) (78,164) (78,165) (78,86) (78,197) (78,194) (78,163) (78,148) (78,98) (78,166) (78,168) (78,162) (78,159) (78,139) (78,170) (78,154) (78,144)
 (79,92) (79,136) (79,170) (79,171) (79,94) (79,200) (79,118) (79,144) (79,119) (79,100) (79,113) (79,158) (79,196) (79,177) (79,133) (79,91) (79,146) (79,150) (79,172) (79,98) (79,84) (79,148) (79,108) (79,80) (79,142) (79,174) (79,153) (79,152) (79,128) (79,160) (79,126) (79,175) (79,191) (79,105) (79,112) (79,157) (79,129) (79,95) (79,101)
 (80,115) (80,152) (80,174) (80,180) (80,85) (80,163) (80,119) (80,133) (80,147) (80,109) (80,130) (80,124) (80,121) (80,132) (80,176) (80,175) (80,149) (80,137) (80,103) (80,156) (80,102) (80,135) (80,118) (80,93) (80,86) (80,193) (80,181) (80,200) (80,187) (80,91) (80,161) (80,185) (80,182) (80,170) (80,158) (80,105) (80,134) (80,148) (80,117) (80,125) (80,196) (80,128) (80,122) (80,153) (80,129) (80,113)
 (81,105) (81,96) (81,197) (81,88) (81,94) (81,190) (81,138) (81,143) (81,114) (81,148) (81,110) (81,104) (81,95) (81,107) (81,123) (81,188) (81,164) (81,166) (81,165) (81,109) (81,90) (81,172) (81,199) (81,120) (81,130) (81,198) (81,193) (81,161) (81,97) (81,176) (81,83) (81,181) (81,135) (81,129) (81,189) (81,156) (81,174) (81,100) (81,91)
 (82,186) (82,178) (82,94) (82,141) (82,148) (82,88) (82,145) (82,138) (82,128) (82,199) (82,85) (82,188) (82,151) (82,120) (82,189) (82,149) (82,177) (82,114) (82,87) (82,180) (82,107) (82,125) (82,124) (82,150) (82,146) (82,108) (82,165) (82,105) (82,193) (82,166) (82,103) (82,164) (82,185) (82,116) (82,175) (82,111) (82,191) (82,126)
 (83,155) (83,97) (83,84) (83,157) (83,132) (83,179) (83,86) (83,153) (83,169) (83,184) (83,134) (83,99) (83,141) (83,139) (83,121) (83,162) (83,112) (83,129) (83,187) (83,109) (83,136) (83,151) (83,114) (83,130) (83,125) (83,188) (83,102) (83,193) (83,180) (83,174) (83,128) (83,140) (83,142) (83,160) (83,104) (83,117) (83,108) (83,171) (83,124) (83,176) (83,106) (83,115) (83,116)
 (84,92) (84,123) (84,148) (84,191) (84,195) (84,177) (84,143) (84,126) (84,168) (84,166) (84,142) (84,109) (84,131) (84,102) (84,88) (84,200) (84,175) (84,162) (84,116) (84,181) (84,186) (84,139) (84,93) (84,113) (84,147) (84,106) (84,159) (84,145) (84,183) (84,185) (84,153) (84,91) (84,152) (84,108) (84,121) (84,114) (84,182)
 (85,94) (85,166) (85,135) (85,153) (85,200) (85,144) (85,150) (85,88) (85,192) (85,103) (85,186) (85,175) (85,146) (85,99) (85,86) (85,124) (85,106) (85,134) (85,139) (85,176) (85,183) (85,91) (85,181) (85,196) (85,104) (85,197) (85,167) (85,118) (85,138) (85,125) (85,162) (85,174) (85,126) (85,116) (85,97) (85,158) (85,93) (85,101) (85,190)
 (86,108) (86,175) (86,178) (86,142) (86,150) (86,96) (86,163) (86,179) (86,116) (86,87) (86,152) (86,120) (86,186) (86,176) (86,171) (86,180) (86,131) (86,147) (86,198) (86,100) (86,107) (86,132) (86,166) (86,145) (86,129) (86,91) (86,200) (86,144) (86,157) (86,143) (86,165) (86,167) (86,192) (86,151) (86,89) (86,111) (86,103) (86,136) (86,102) (86,95) (86,93) (86,194)
 (87,181) (87,136) (87,144) (87,100) (87,124) (87,121) (87,174) (87,125) (87,151) (87,157) (87,161) (87,197) (87,193) (87,177) (87,172) (87,102) (87,96) (87,190) (87,192) (87,158) (87,114) (87,90) (87,118) (87,115) (87,187) (87,105) (87,182) (87,134) (87,179) (87,92) (87,95) (87,155) (87,93) (87,154) (87,198) (87,147) (87,142)
 (88,119) (88,162) (88,193) (88,90) (88,131) (88,116) (88,165) (88,147) (88,94) (88,195) (88,134) (88,154) (88,186) (88,124) (88,150) (88,198) (88,115) (88,191) (88,125) (88,160) (88,178) (88,112) (88,171) (88,179) (88,152) (88,145) (88,98) (88,173) (88,101) (88,92) (88,118)
 (89,107) (89,194) (89,138) (89,133) (89,168) (89,108) (89,156) (89,172) (89,151) (89,94) (89,130) (89,93) (89,125) (89,148) (89,147) (89,122) (89,176) (89,129) (89,114) (89,132) (89,105) (89,167) (89,152) (89,162) (89,186) (89,103) (89,120) (89,188) (89,109) (89,177) (89,141) (89,191)
 (90,113) (90,197) (90,136) (90,91) (90,198) (90,120) (90,129) (90,130) (90,161) (90,159) (90,134) (90,196) (90,151) (90,143) (90,117) (90,193) (90,163) (90,179) (90,192) (90,171) (90,127) (90,164) (90,142) (90,133) (90,124) (90,110) (90,121) (90,101) (90,138) (90,118) (90,153) (90,92) (90,146) (90,177) (90,131) (90,132) (90,156) (90,166) (90,182) (90,141) (90,195) (90,140)
 (91,132) (91,162) (91,95) (91,157) (91,111) (91,161) (91,192) (91,94) (91,142) (91,140) (91,196) (91,172) (91,128) (91,137) (91,134) (91,152) (91,106) (91,96) (91,116) (91,105) (91,175) (91,115) (91,98) (91,190) (91,97) (91,107) (91,153) (91,135) (91,149) (91,118) (91,170) (91,154) (91,117) (91,150) (91,189) (91,114) (91,198) (91,130) (91,93) (91,168) (91,191)
 (92,184) (92,168) (92,196) (92,145) (92,124) (92,128) (92,96) (92,93) (92,123) (92,142) (92,132) (92,121) (92,166) (92,134) (92,200) (92,130) (92,159) (92,188) (92,112) (92,141) (92,160) (92,169) (92,115) (92,158) (92,127) (92,178) (92,109) (92,198) (92,156) (92,199) (92,185) (92,148) (92,106) (92,154) (92,101) (92,179) (92,102) (92,155) (92,116)
 (93,149) (93,191) (93,147) (93,185) (93,110) (93,94) (93,154) (93,194) (93,188) (93,153) (93,178) (93,162) (93,141) (93,198) (93,195) (93,114) (93,146) (93,180) (93,116) (93,181) (93,122) (93,156) (93,182) (93,133) (93,172) (93,117) (93,190) (93,138) (93,200) (93,164) (93,189)
 (94,172) (94,117) (94,198) (94,107) (94,103) (94,123) (94,200) (94,115) (94,137) (94,128) (94,138) (94,145) (94,135) (94,109) (94,151) (94,140) (94,154) (94,153) (94,161) (94,118) (94,146) (94,175) (94,165) (94,99) (94,116) (94,168) (94,187) (94,95) (94,102) (94,142) (94,149) (94,104)
 (95,147) (95,117) (95,121) (95,173) (95,161) (95,163) (95,185) (95,114) (95,126) (95,196) (95,96) (95,198) (95,184) (95,176) (95,148) (95,189) (95,155) (95,128) (95,104) (95,181) (95,158) (95,130) (95,129) (95,107) (95,174) (95,165) (95,190) (95,136) (95,98) (95,200) (95,162) (95,118) (95,188) (95,103) (95,183) (95,105)
 (96,176) (96,149) (96,199) (96,191) (96,177) (96,134) (96,128) (96,189) (96,103) (96,175) (96,148) (96,159) (96,168) (96,115) (96,156) (96,160) (96,137) (96,179) (96,145) (96,190) (96,123) (96,126) (96,105) (96,127) (96,139) (96,151) (96,171) (96,182) (96,173) (96,166) (96,197) (96,136) (96,150) (96,122) (96,109) (96,106) (96,147) (96,174) (96,198) (96,158)
 (97,171) (97,200) (97,144) (97,99) (97,154) (97,119) (97,111) (97,140) (97,122) (97,183) (97,167) (97,103) (97,135) (97,176) (97,155) (97,148) (97,107) (97,105) (97,104) (97,198) (97,193) (97,162) (97,192) (97,180) (97,175) (97,120) (97,121) (97,185) (97,130) (97,139) (97,165) (97,166) (97,179) (97,116) (97,100) (97,169) (97,177) (97,190)
 (98,102) (98,116) (98,160) (98,198) (98,134) (98,190) (98,197) (98,194) (98,111) (98,101) (98,145) (98,106) (98,183) (98,108) (98,191) (98,155) (98,104) (98,138) (98,166) (98,148) (98,167) (98,187) (98,139) (98,127) (98,131) (98,125) (98,130) (98,182) (98,103) (98,161) (98,164) (98,154) (98,133) (98,158)
 (99,137) (99,159) (99,191) (99,143) (99,178) (99,190) (99,147) (99,140) (99,169) (99,177) (99,128) (99,119) (99,180) (99,176) (99,196) (99,148) (99,123) (99,188) (99,170) (99,165) (99,149) (99,126) (99,182) (99,112) (99,168) (99,171) (99,164) (99,160) (99,130) (99,197) (99,198) (99,189) (99,135) (99,199) (99,193) (99,113) (99,124) (99,118) (99,145) (99,184) (99,153) (99,125) (99,142) (99,192)
 (100,136) (100,137) (100,121) (100,191) (100,162) (100,173) (100,180) (100,112) (100,170) (100,195) (100,144) (100,102) (100,113) (100,138) (100,101) (100,119) (100,185) (100,178) (100,160) (100,117) (100,107) (100,124) (100,179) (100,155) (100,157) (100,109) (100,129) (100,105) (100,145) (100,118) (100,120) (100,184) (100,177) (100,158) (100,147) (100,134)
 (101,126) (101,163) (101,116) (101,123) (101,145) (101,178) (101,193) (101,176) (101,177) (101,171) (101,117) (101,160) (101,118) (101,173) (101,107) (101,135) (101,186) (101,156) (101,102) (101,159) (101,120) (101,183) (101,195) (101,121) (101,127) (101,161) (101,133) (101,111)
 (102,173) (102,188) (102,120) (102,129) (102,195) (102,110) (102,190) (102,111) (102,148) (102,142) (102,155) (102,151) (102,192) (102,144) (102,103) (102,139) (102,141) (102,198) (102,164) (102,153) (102,137) (102,160) (102,157) (102,165) (102,191) (102,131) (102,197)
 (103,197) (103,178) (103,119) (103,191) (103,145) (103,140) (103,186) (103,167) (103,196) (103,106) (103,165) (103,118) (103,169) (103,117) (103,105) (103,189) (103,180) (103,138) (103,108) (103,134) (103,156) (103,122) (103,124) (103,116) (103,187) (103,190) (103,193) (103,160) (103,137) (103,115)
 (104,129) (104,171) (104,178) (104,168) (104,118) (104,119) (104,132) (104,140) (104,188) (104,151) (104,138) (104,133) (104,158) (104,108) (104,115) (104,184) (104,143) (104,154) (104,121) (104,187) (104,164) (104,153) (104,179) (104,105) (104,186) (104,137) (104,196) (104,181)
 (105,176) (105,133) (105,189) (105,122) (105,135) (105,107) (105,180) (105,162) (105,109) (105,200) (105,106) (105,168) (105,164) (105,197) (105,150) (105,114) (105,151) (105,185) (105,131) (105,178) (105,177) (105,141) (105,165) (105,195) (105,161)
 (106,138) (106,113) (106,166) (106,182) (106,112) (106,120) (106,126) (106,114) (106,161) (106,195) (106,146) (106,139) (106,117) (106,196) (106,119) (106,116) (106,187) (106,154) (106,200) (106,163) (106,130) (106,132) (106,198) (106,141) (106,142) (106,156) (106,155) (106,136) (106,164) (106,147) (106,122) (106,160) (106,192)
 (107,192) (107,169) (107,116) (107,191) (107,155) (107,144) (107,152) (107,142) (107,146) (107,185) (107,178) (107,143) (107,173) (107,149) (107,151) (107,157) (107,187) (107,130) (107,115) (107,186) (107,145) (107,175) (107,137) (107,181) (107,132) (107,154) (107,198) (107,114) (107,124) (107,164)
 (108,191) (108,189) (108,119) (108,163) (108,136) (108,132) (108,125) (108,196) (108,141) (108,118) (108,199) (108,182) (108,142) (108,170) (108,128) (108,161) (108,135) (108,124) (108,179) (108,168) (108,180) (108,114) (108,122) (108,150) (108,157) (108,172) (108,137) (108,123) (108,131) (108,169)
 (109,112) (109,117) (109,127) (109,121) (109,191) (109,137) (109,142) (109,147) (109,177) (109,169) (109,120) (109,149) (109,128) (109,195) (109,170) (109,157) (109,152) (109,123) (109,190) (109,188) (109,115) (109,162) (109,131) (109,114) (109,150) (109,116) (109,165)
 (110,156) (110,183) (110,116) (110,127) (110,187) (110,191) (110,177) (110,112) (110,117) (110,161) (110,160) (110,111) (110,135) (110,176) (110,163) (110,132) (110,148) (110,141) (110,168) (110,197) (110,113) (110,165) (110,182) (110,143) (110,119) (110,140) (110,175) (110,181) (110,144) (110,137)
 (111,146) (111,129) (111,138) (111,192) (111,152) (111,141) (111,163) (111,178) (111,122) (111,169) (111,162) (111,189) (111,200) (111,123) (111,130) (111,165) (111,142) (111,144) (111,187) (111,186) (111,191) (111,180) (111,127) (111,174) (111,157) (111,164) (111,113) (111,120) (111,193) (111,140) (111,134)
 (112,132) (112,129) (112,163) (112,113) (112,167) (112,149) (112,199) (112,150) (112,191) (112,157) (112,181) (112,119) (112,161) (112,154) (112,185) (112,190) (112,200) (112,159) (112,179) (112,168) (112,165) (112,114) (112,170) (112,144) (112,115) (112,138) (112,152) (112,146)
 (113,186) (113,122) (113,142) (113,149) (113,154) (113,174) (113,163) (113,151) (113,128) (113,131) (113,189) (113,143) (113,148) (113,180) (113,173) (113,184) (113,191) (113,119) (113,168) (113,185) (113,129) (113,130) (113,115) (113,137) (113,155) (113,188) (113,179) (113,117) (113,140) (113,165) (113,127) (113,145) (113,156)
 (114,169) (114,120) (114,176) (114,163) (114,118) (114,170) (114,134) (114,181) (114,164) (114,137) (114,194) (114,168) (114,171) (114,143) (114,173) (114,145) (114,175) (114,165) (114,144) (114,183) (114,159) (114,180) (114,162) (114,199) (114,122) (114,178) (114,161) (114,197) (114,139) (114,166) (114,189) (114,153) (114,160) (114,156)
 (115,155) (115,125) (115,166) (115,147) (115,149) (115,157) (115,177) (115,141) (115,153) (115,169) (115,158) (115,199) (115,137) (115,151) (115,129) (115,170) (115,195) (115,186) (115,132) (115,150) (115,196) (115,185) (115,134) (115,167) (115,128) (115,180) (115,181) (115,198) (115,173) (115,200)
 (116,184) (116,155) (116,151) (116,128) (116,165) (116,136) (116,176) (116,157) (116,195) (116,177) (116,192) (116,118) (116,166) (116,154) (116,169) (116,147) (116,198) (116,178) (116,181) (116,179) (116,150) (116,189) (116,117) (116,119) (116,124) (116,159) (116,156) (116,126) (116,199) (116,194)
 (117,137) (117,152) (117,177) (117,175) (117,122) (117,121) (117,182) (117,119) (117,132) (117,178) (117,130) (117,142) (117,138) (117,129) (117,161) (117,166) (117,197) (117,160)
 (118,123) (118,145) (118,152) (118,130) (118,125) (118,134) (118,172) (118,165) (118,180) (118,196) (118,122) (118,193) (118,177) (118,156) (118,149) (118,200) (118,197) (118,148) (118,124) (118,169) (118,195) (118,192) (118,186) (118,185) (118,168) (118,133) (118,121) (118,199) (118,135)
 (119,155) (119,130) (119,167) (119,129) (119,196) (119,158) (119,145) (119,170) (119,191) (119,132) (119,195) (119,200) (119,169) (119,160) (119,134) (119,165) (119,144) (119,153) (119,161) (119,140) (119,152) (119,128) (119,133) (119,143) (119,197) (119,194)
 (120,194) (120,185) (120,136) (120,172) (120,199) (120,134) (120,144) (120,135) (120,189) (120,191) (120,176) (120,150) (120,140) (120,156) (120,187) (120,132) (120,146) (120,131) (120,148) (120,163) (120,158) (120,192) (120,129) (120,160) (120,142) (120,170) (120,184) (120,133)
 (121,142) (121,192) (121,126) (121,128) (121,150) (121,189) (121,155) (121,168) (121,135) (121,165) (121,190) (121,174) (121,125) (121,177) (121,184) (121,149) (121,193) (121,131) (121,141) (121,127) (121,170)
 (122,150) (122,139) (122,187) (122,133) (122,184) (122,164) (122,162) (122,127) (122,163) (122,195) (122,167) (122,169) (122,134) (122,128) (122,160) (122,186) (122,194) (122,172) (122,170) (122,146) (122,185) (122,173) (122,180) (122,199) (122,153) (122,188)
 (123,184) (123,182) (123,135) (123,175) (123,183) (123,192) (123,168) (123,152) (123,176) (123,155) (123,127) (123,147) (123,131) (123,199) (123,144) (123,161) (123,132) (123,194) (123,167)
 (124,168) (124,185) (124,165) (124,154) (124,184) (124,179) (124,141) (124,146) (124,169) (124,181) (124,132) (124,174) (124,176) (124,148) (124,196) (124,156) (124,175) (124,160) (124,157) (124,143) (124,161) (124,172) (124,149) (124,142)
 (125,174) (125,178) (125,158) (125,194) (125,188) (125,152) (125,167) (125,129) (125,145) (125,149) (125,164) (125,170) (125,184) (125,197) (125,182) (125,141) (125,196) (125,144) (125,154) (125,157) (125,179) (125,131) (125,165) (125,127) (125,128) (125,195) (125,172)
 (126,167) (126,179) (126,150) (126,176) (126,178) (126,195) (126,184) (126,131) (126,129) (126,147) (126,128) (126,151) (126,186) (126,142) (126,182) (126,170) (126,155) (126,174) (126,132) (126,187) (126,143) (126,165) (126,141)
 (127,180) (127,147) (127,196) (127,183) (127,167) (127,130) (127,191) (127,128) (127,197) (127,155) (127,150) (127,200) (127,170) (127,179) (127,192) (127,137) (127,131) (127,172) (127,151) (127,141) (127,187) (127,145)
 (128,133) (128,173) (128,187) (128,162) (128,171) (128,176) (128,146) (128,159) (128,190) (128,166) (128,140) (128,192) (128,177) (128,158) (128,134) (128,197) (128,165) (128,157) (128,189) (128,150)
 (129,175) (129,151) (129,198) (129,171) (129,168) (129,182) (129,147) (129,185) (129,192) (129,184) (129,138) (129,200) (129,134) (129,173) (129,158) (129,152) (129,199) (129,139) (129,190) (129,145) (129,174) (129,189)
 (130,138) (130,150) (130,184) (130,140) (130,172) (130,161) (130,178) (130,173) (130,165) (130,137) (130,169) (130,187) (130,157) (130,145) (130,133) (130,186) (130,176) (130,198) (130,188) (130,163) (130,192) (130,143) (130,190)
 (131,172) (131,173) (131,181) (131,135) (131,144) (131,197) (131,191) (131,136) (131,134) (131,189) (131,194) (131,167) (131,165) (131,178) (131,196) (131,171) (131,188) (131,142) (131,186) (131,170) (131,200)
 (132,193) (132,188) (132,136) (132,160) (132,180) (132,172) (132,194) (132,151) (132,184) (132,164) (132,167) (132,144) (132,137) (132,135) (132,171) (132,173) (132,141) (132,143) (132,162) (132,187) (132,189) (132,185) (132,191) (132,170) (132,195) (132,166) (132,142) (132,161) (132,177) (132,198) (132,157) (132,159) (132,152)
 (133,176) (133,142) (133,151) (133,143) (133,152) (133,140) (133,173) (133,171) (133,187) (133,163) (133,181) (133,161) (133,144) (133,185) (133,158) (133,179) (133,172) (133,199) (133,180) (133,196) (133,195) (133,164) (133,170) (133,188) (133,156)
 (134,146) (134,188) (134,155) (134,172) (134,200) (134,182) (134,197) (134,175) (134,143) (134,195) (134,186) (134,139) (134,192) (134,145) (134,196) (134,164) (134,170) (134,166) (134,135) (134,177) (134,193) (134,161)
 (135,183) (135,159) (135,189) (135,145) (135,152) (135,188) (135,170) (135,172) (135,193) (135,176) (135,178) (135,143) (135,191) (135,161) (135,136) (135,184) (135,198) (135,165) (135,142) (135,149) (135,190) (135,140) (135,163) (135,151) (135,139)
 (136,177) (136,180) (136,138) (136,185) (136,184) (136,165) (136,150) (136,172) (136,169) (136,145) (136,153) (136,186) (136,198) (136,192) (136,164) (136,148) (136,187) (136,144) (136,166)
 (137,146) (137,143) (137,138) (137,169) (137,149) (137,163) (137,159) (137,164) (137,174) (137,200)
 (138,163) (138,192) (138,161) (138,176) (138,141) (138,196) (138,178) (138,179) (138,168) (138,158) (138,187) (138,194) (138,189) (138,166) (138,156)
 (139,167) (139,200) (139,160) (139,169) (139,145) (139,199) (139,151) (139,144) (139,188) (139,193) (139,155) (139,140) (139,187) (139,153) (139,168) (139,175) (139,184) (139,162) (139,159) (139,143) (139,166) (139,194) (139,148) (139,178) (139,181) (139,189) (139,158) (139,196) (139,195) (139,182) (139,170) (139,186)
 (140,165) (140,196) (140,161) (140,155) (140,145) (140,184) (140,185) (140,197) (140,189) (140,177) (140,158) (140,149) (140,160) (140,181) (140,172) (140,141) (140,173) (140,171) (140,193) (140,152) (140,194) (140,162) (140,154)
 (141,157) (141,176) (141,196) (141,187) (141,188) (141,166) (141,199) (141,150) (141,153) (141,167) (141,168) (141,198) (141,146) (141,191) (141,151) (141,158)
 (142,143) (142,183) (142,196) (142,164) (142,146) (142,154) (142,199) (142,157) (142,150) (142,162) (142,165) (142,155) (142,175) (142,149) (142,168) (142,187) (142,177) (142,191) (142,160) (142,170) (142,144)
 (143,181) (143,192) (143,172) (143,170) (143,183) (143,162) (143,177) (143,187) (143,154) (143,168) (143,161) (143,159) (143,145) (143,194)
 (144,189) (144,165) (144,155) (144,146) (144,151) (144,179) (144,180) (144,186) (144,149) (144,150) (144,152) (144,184) (144,187) (144,156) (144,185) (144,181) (144,172)
 (145,199) (145,184) (145,166) (145,167) (145,200) (145,188) (145,189) (145,197) (145,175) (145,192) (145,180) (145,168) (145,170) (145,160) (145,152) (145,162) (145,153) (145,158) (145,176)
 (146,191) (146,149) (146,197) (146,150) (146,163) (146,176) (146,184) (146,155) (146,173) (146,195) (146,151) (146,161) (146,183) (146,153) (146,167) (146,174) (146,154) (146,172) (146,158) (146,169) (146,193) (146,194) (146,179)
 (147,170) (147,155) (147,172) (147,200) (147,148) (147,166) (147,162) (147,197) (147,188) (147,151) (147,190) (147,187) (147,174) (147,195)
 (148,170) (148,189) (148,199) (148,173) (148,153) (148,181) (148,186) (148,161) (148,171) (148,188) (148,174) (148,175) (148,178) (148,152) (148,195)
 (149,194) (149,177) (149,153) (149,182) (149,172) (149,193) (149,165) (149,173) (149,156) (149,176) (149,179) (149,196) (149,152) (149,162) (149,190)
 (150,189) (150,153) (150,186) (150,191) (150,190) (150,152) (150,183) (150,167) (150,198) (150,178) (150,165)
 (151,170) (151,190) (151,173) (151,193) (151,186) (151,158) (151,164) (151,156) (151,187) (151,184) (151,178) (151,197) (151,166) (151,167) (151,162) (151,200) (151,152) (151,192) (151,195) (151,160)
 (152,161) (152,177) (152,174) (152,162) (152,158) (152,188) (152,178) (152,171) (152,199) (152,179) (152,192) (152,172) (152,189) (152,183) (152,160) (152,166) (152,168) (152,182) (152,156) (152,159)
 (153,171) (153,200) (153,158) (153,180) (153,176) (153,187) (153,163) (153,181) (153,174) (153,161) (153,175) (153,157) (153,160) (153,173) (153,165) (153,189)
 (154,171) (154,192) (154,160) (154,178) (154,165) (154,167) (154,169) (154,168) (154,196) (154,182) (154,194) (154,197) (154,157) (154,175)
 (155,199) (155,165) (155,184) (155,181) (155,192) (155,180) (155,178) (155,185) (155,190) (155,177) (155,188) (155,193)
 (156,176) (156,186) (156,175) (156,199) (156,195) (156,192) (156,197) (156,167) (156,189) (156,180) (156,187) (156,169)
 (157,171) (157,161) (157,186) (157,173) (157,183) (157,165) (157,174) (157,190) (157,175) (157,195) (157,164) (157,167)
 (158,164) (158,200) (158,172) (158,192) (158,168) (158,170) (158,187) (158,197) (158,173) (158,177) (158,186) (158,175) (158,198) (158,191) (158,195) (158,183) (158,174) (158,199) (158,166)
 (159,164) (159,196) (159,188) (159,185) (159,182) (159,168) (159,191) (159,192) (159,194) (159,162) (159,166) (159,180) (159,169) (159,179)
 (160,179) (160,191) (160,171) (160,196) (160,192) (160,199) (160,174) (160,175) (160,185) (160,198) (160,170) (160,187) (160,190)
 (161,167) (161,164) (161,194) (161,187) (161,170) (161,162) (161,191) (161,174) (161,171) (161,185) (161,197) (161,175)
 (162,195) (162,193) (162,173) (162,168) (162,184) (162,200) (162,170) (162,188) (162,182) (162,179) (162,180) (162,163) (162,187) (162,177)
 (163,199) (163,175) (163,196) (163,167) (163,179) (163,186) (163,190) (163,169) (163,174) (163,166) (163,183) (163,173) (163,191)
 (164,194) (164,192) (164,185) (164,170) (164,191) (164,167) (164,196) (164,188) (164,177) (164,178) (164,175) (164,173) (164,168) (164,169) (164,172) (164,176) (164,189) (164,198)
 (165,193) (165,173) (165,179) (165,196) (165,190) (165,186) (165,176) (165,169) (165,192)
 (166,167) (166,179) (166,189) (166,196) (166,169) (166,186) (166,176) (166,178)
 (167,199) (167,172) (167,198) (167,187) (167,176) (167,174) (167,194)
 (168,185) (168,175) (168,193) (168,194) (168,169) (168,171) (168,176) (168,174) (168,180) (168,198)
 (169,191) (169,180) (169,172) (169,186) (169,196) (169,182) (169,176) (169,188) (169,173) (169,194)
 (170,171) (170,191) (170,173) (170,181) (170,178) (170,179) (170,183) (170,175) (170,172) (170,186) (170,196)
 (171,191) (171,199) (171,179) (171,186) (171,194) (171,192) (171,180) (171,182) (171,189) (171,195) (171,188)
 (172,177) (172,200) (172,190) (172,187) (172,181) (172,198) (172,194) (172,199) (172,191) (172,174) (172,175) (172,189) (172,197) (172,182) (172,196)
 (173,199) (173,178) (173,186) (173,192) (173,174) (173,182) (173,185) (173,179) (173,191) (173,196)
 (174,199) (174,187) (174,196) (174,194) (174,178) (174,177) (174,195)
 (175,183) (175,191) (175,197) (175,190) (175,189) (175,194)
 (176,179) (176,182) (176,181) (176,194) (176,190) (176,199) (176,184) (176,191) (176,183) (176,188) (176,193)
 (177,186) (177,190) (177,188) (177,197) (177,179) (177,196) (177,194)
 (178,182) (178,185) (178,180) (178,183) (178,193) (178,179)
 (179,191) (179,197) (179,196) (179,187) (179,180) (179,181) (179,185) (179,192)
 (180,186) (180,194) (180,191) (180,199) (180,196)
 (181,198) (181,196) (181,189) (181,185)
 (182,195) (182,196) (182,187) (182,186) (182,190) (182,199) (182,198) (182,188)
 (183,187) (183,190) (183,185) (183,196) (183,195)
 (184,187) (184,200) (184,193) (184,196) (184,189) (184,186)
 (185,190) (185,195) (185,186) (185,198) (185,200) (185,192)
 (186,190) (186,197) (186,189) (186,198)
 (187,194) (187,198) (187,193) (187,189)
 (188,191) (188,193)
 (189,192) (189,200) (189,198) (189,195) (189,199)
 (190,194) (190,199) (190,197) (190,193)
 (191,192) (191,194)
 (192,195) (192,199) (192,198)
 (193,200) (193,196) (193,194) (193,197) (193,195)
 (194,198)
 (195,196) (195,199) (195,198)
 (196,200)
 (197,198) (197,200)

 (199,200)

;

end;
