# n200plap1i3.txt

# 5 cluster
param p := 5 ;

# 200 vertici
set V := 
 1 2 3 4 5 6 7 8 9 10 11 12 13 14 15 16 17 18 19 20 21 22 23 24 25 26 27 28 29 30 31 32 33 34 35 36 37 38 39 40 41 42 43 44 45 46 47 48 49 50 51 52 53 54 55 56 57 58 59 60 61 62 63 64 65 66 67 68 69 70 71 72 73 74 75 76 77 78 79 80 81 82 83 84 85 86 87 88 89 90 91 92 93 94 95 96 97 98 99 100 101 102 103 104 105 106 107 108 109 110 111 112 113 114 115 116 117 118 119 120 121 122 123 124 125 126 127 128 129 130 131 132 133 134 135 136 137 138 139 140 141 142 143 144 145 146 147 148 149 150 151 152 153 154 155 156 157 158 159 160 161 162 163 164 165 166 167 168 169 170 171 172 173 174 175 176 177 178 179 180 181 182 183 184 185 186 187 188 189 190 191 192 193 194 195 196 197 198 199 200
;

param w := 
  1    1
  2    1
  3    1
  4    3
  5    3
  6    4
  7    4
  8    5
  9    6
 10    7
 11    7
 12    7
 13    9
 14   10
 15   12
 16   13
 17   15
 18   15
 19   16
 20   17
 21   18
 22   19
 23   21
 24   22
 25   24
 26   25
 27   26
 28   26
 29   26
 30   27
 31   27
 32   30
 33   30
 34   30
 35   30
 36   30
 37   31
 38   32
 39   32
 40   34
 41   34
 42   34
 43   35
 44   35
 45   39
 46   42
 47   44
 48   44
 49   44
 50   45
 51   45
 52   46
 53   46
 54   48
 55   49
 56   50
 57   50
 58   50
 59   50
 60   52
 61   54
 62   54
 63   54
 64   55
 65   58
 66   58
 67   58
 68   60
 69   62
 70   63
 71   64
 72   66
 73   66
 74   68
 75   69
 76   70
 77   71
 78   73
 79   75
 80   75
 81   76
 82   77
 83   77
 84   78
 85   78
 86   79
 87   80
 88   81
 89   82
 90   86
 91   87
 92   87
 93   87
 94   87
 95   88
 96   88
 97   88
 98   88
 99   89
100   90
101   90
102   91
103   91
104   92
105   92
106   93
107   94
108   97
109   99
110   99
111  100
112  100
113  100
114  100
115  102
116  102
117  102
118  104
119  105
120  109
121  109
122  110
123  110
124  113
125  114
126  114
127  115
128  115
129  116
130  117
131  118
132  118
133  119
134  121
135  121
136  121
137  121
138  122
139  127
140  127
141  127
142  127
143  128
144  137
145  138
146  138
147  139
148  140
149  141
150  143
151  143
152  145
153  145
154  148
155  148
156  149
157  151
158  151
159  152
160  152
161  153
162  153
163  154
164  154
165  157
166  158
167  158
168  159
169  160
170  161
171  166
172  166
173  167
174  171
175  173
176  174
177  174
178  175
179  175
180  176
181  177
182  177
183  178
184  180
185  180
186  181
187  183
188  183
189  185
190  185
191  187
192  187
193  188
194  190
195  192
196  195
197  197
198  198
199  199
200  199
;

# 1156 lati
set E := 
 (1,30) (1,49) (1,96) (1,24) (1,72) (1,87)
 (2,14) (2,139) (2,38) (2,3) (2,98) (2,13)
 (3,14) (3,75) (3,42) (3,91) (3,13) (3,131) (3,64) (3,35) (3,106)
 (4,26) (4,104) (4,15) (4,171) (4,131) (4,91)
 (5,187) (5,138) (5,108) (5,146) (5,154)
 (6,97) (6,89) (6,156) (6,88) (6,94) (6,43) (6,190) (6,170)
 (7,107) (7,160) (7,63) (7,85)
 (8,149) (8,162) (8,21) (8,70)
 (9,79) (9,50) (9,102) (9,107) (9,43) (9,95) (9,62)
 (10,153) (10,69) (10,96)
 (11,101) (11,138) (11,154) (11,115)
 (12,19) (12,31) (12,56) (12,16) (12,61) (12,74) (12,54)
 (13,111) (13,191) (13,66) (13,42) (13,87) (13,98)
 (14,131) (14,139)
 (15,26) (15,171) (15,17)
 (16,56) (16,144) (16,140) (16,19) (16,162) (16,196) (16,110)
 (17,26) (17,69) (17,48) (17,171) (17,124) (17,153) (17,33)
 (18,134) (18,118) (18,60) (18,180) (18,27) (18,113) (18,194)
 (19,181) (19,162) (19,54)
 (20,169) (20,58) (20,127) (20,145)
 (21,149) (21,117) (21,162) (21,127) (21,178) (21,70) (21,140) (21,145)
 (22,41) (22,36) (22,189) (22,130) (22,119)
 (23,84) (23,71) (23,59) (23,67) (23,167) (23,172) (23,182) (23,179)
 (24,196) (24,77) (24,177) (24,82) (24,185) (24,72) (24,96)
 (25,45) (25,78) (25,108) (25,57) (25,150) (25,177)
 (26,131) (26,69)
 (27,170) (27,134) (27,194)
 (28,143) (28,44) (28,93) (28,34) (28,59) (28,164) (28,122) (28,191)
 (29,94) (29,163) (29,88) (29,35) (29,125) (29,97)
 (30,87)
 (31,74) (31,173) (31,135) (31,56) (31,161)
 (32,99) (32,85) (32,63) (32,166) (32,114) (32,101)
 (33,48) (33,83) (33,101) (33,115) (33,124) (33,133) (33,188) (33,81) (33,171)
 (34,167) (34,44) (34,59)
 (35,116) (35,125) (35,106) (35,91) (35,113) (35,163)
 (36,109) (36,53) (36,41) (36,170) (36,134) (36,189)
 (37,65) (37,42) (37,156) (37,182) (37,64) (37,197) (37,55)
 (38,98) (38,139)
 (39,82) (39,58) (39,169) (39,140) (39,145) (39,78) (39,177)
 (40,109) (40,60) (40,142) (40,118) (40,41) (40,171) (40,104)
 (41,119) (41,142) (41,109) (41,105)
 (42,103) (42,65) (42,64) (42,111)
 (43,53) (43,79) (43,170) (43,130) (43,189)
 (44,191) (44,167)
 (45,150) (45,57)
 (46,198) (46,138) (46,108) (46,115)
 (47,173) (47,56)
 (48,124)
 (49,68) (49,110) (49,76) (49,164) (49,87) (49,72)
 (50,151) (50,102) (50,79) (50,90) (50,158) (50,52)
 (51,80) (51,59) (51,120) (51,168) (51,61) (51,74) (51,174) (51,93) (51,179)
 (52,151) (52,130) (52,90) (52,119) (52,158) (52,79)
 (53,195) (53,189) (53,170) (53,86)
 (54,181) (54,186) (54,61) (54,178)
 (55,172) (55,182) (55,65)
 (56,110) (56,173)
 (57,132) (57,150) (57,92) (57,177) (57,77)
 (58,78) (58,169) (58,127) (58,146)
 (59,80) (59,122) (59,167) (59,179)
 (60,134) (60,109) (60,118)
 (61,178) (61,74)
 (62,200) (62,147) (62,100) (62,107) (62,102)
 (63,99) (63,85) (63,81) (63,160) (63,165)
 (64,75) (64,197) (64,106) (64,125)
 (65,67) (65,103) (65,172)
 (66,191) (66,111) (66,167) (66,84)
 (67,172) (67,103) (67,84)
 (68,72)
 (69,131) (69,96) (69,153)
 (70,162) (70,178) (70,149) (70,186)
 (71,137) (71,120) (71,182) (71,179)
 (72,110) (72,196)
 (73,129) (73,143) (73,164) (73,76)
 (74,161) (74,93)
 (75,106)
 (76,129) (76,110) (76,164)
 (77,92) (77,185) (77,177) (77,132)
 (78,146) (78,177) (78,108)
 (79,130)
 (80,122) (80,93)
 (81,83) (81,165) (81,99) (81,101)
 (82,144) (82,196) (82,177) (82,140)
 (83,165) (83,188)
 (84,111) (84,167) (84,103)
 (85,166) (85,148) (85,107) (85,95)
 (86,195)
 (87,98) (87,191) (87,164) (87,96)
 (88,97) (88,163) (88,190)
 (89,192) (89,126) (89,168) (89,156) (89,155)
 (90,151) (90,158)
 (91,128) (91,116) (91,131) (91,118) (91,104) (91,113)
 (92,177)
 (93,122) (93,161) (93,143)
 (94,156) (94,97) (94,125) (94,197)
 (95,152) (95,148) (95,141) (95,107)
 (96,98) (96,153) (96,131) (96,185)

 (98,131) (98,139)
 (99,101)
 (100,147) (100,158) (100,105) (100,176) (100,193) (100,200)
 (101,115) (101,154) (101,114)
 (102,184) (102,147) (102,158)
 (103,111)
 (104,118) (104,171)
 (105,142) (105,119) (105,193) (105,158)
 (106,125)
 (107,160) (107,200)
 (108,198) (108,146) (108,150) (108,157) (108,138)
 (109,134)
 (110,173) (110,129) (110,196)

 (112,114) (112,154) (112,123) (112,117) (112,166) (112,146)
 (113,128) (113,180) (113,116) (113,163) (113,118)
 (114,166) (114,154)
 (115,198) (115,133) (115,157) (115,132) (115,185) (115,138)

 (117,146) (117,123) (117,141) (117,127)
 (118,128)
 (119,130) (119,158)
 (120,179) (120,137) (120,174)
 (121,141) (121,152) (121,148) (121,123)

 (123,166) (123,141) (123,148)
 (124,175) (124,153) (124,185) (124,133)
 (125,197)
 (126,159) (126,182) (126,156) (126,174) (126,192) (126,137)
 (127,145) (127,146)

 (129,135) (129,173) (129,143)
 (130,189)
 (131,139)
 (132,185) (132,157) (132,150)
 (133,199) (133,175) (133,185)
 (134,170)
 (135,161) (135,173) (135,143)
 (136,190) (136,194) (136,180)
 (137,182) (137,174)
 (138,154)

 (140,144) (140,162) (140,145)
 (141,152)
 (142,193) (142,171)
 (143,161) (143,164)
 (144,196)
 (145,169)
 (146,187) (146,154)
 (147,184) (147,158)
 (148,166) (148,152)

 (150,157)


 (153,185)
 (154,187)
 (155,168) (155,174) (155,192) (155,159)
 (156,197) (156,182)
 (157,198)

 (159,174) (159,192)
 (160,183) (160,165) (160,176) (160,200)

 (162,186) (162,181)
 (163,180) (163,190)
 (164,191)
 (165,183) (165,188)

 (167,191)
 (168,174)

 (170,194) (170,190)
 (171,193) (171,188)
 (172,182)


 (175,199) (175,185)
 (176,188) (176,183) (176,193) (176,200)

 (178,186)

 (180,190) (180,194)
 (181,186)

 (183,188)

 (185,199)


 (188,193)

 (190,194)










;

end;
