# n400plap1i5.txt

# 6 cluster
param p := 6 ;

# 400 vertici
set V := 
 1 2 3 4 5 6 7 8 9 10 11 12 13 14 15 16 17 18 19 20 21 22 23 24 25 26 27 28 29 30 31 32 33 34 35 36 37 38 39 40 41 42 43 44 45 46 47 48 49 50 51 52 53 54 55 56 57 58 59 60 61 62 63 64 65 66 67 68 69 70 71 72 73 74 75 76 77 78 79 80 81 82 83 84 85 86 87 88 89 90 91 92 93 94 95 96 97 98 99 100 101 102 103 104 105 106 107 108 109 110 111 112 113 114 115 116 117 118 119 120 121 122 123 124 125 126 127 128 129 130 131 132 133 134 135 136 137 138 139 140 141 142 143 144 145 146 147 148 149 150 151 152 153 154 155 156 157 158 159 160 161 162 163 164 165 166 167 168 169 170 171 172 173 174 175 176 177 178 179 180 181 182 183 184 185 186 187 188 189 190 191 192 193 194 195 196 197 198 199 200 201 202 203 204 205 206 207 208 209 210 211 212 213 214 215 216 217 218 219 220 221 222 223 224 225 226 227 228 229 230 231 232 233 234 235 236 237 238 239 240 241 242 243 244 245 246 247 248 249 250 251 252 253 254 255 256 257 258 259 260 261 262 263 264 265 266 267 268 269 270 271 272 273 274 275 276 277 278 279 280 281 282 283 284 285 286 287 288 289 290 291 292 293 294 295 296 297 298 299 300 301 302 303 304 305 306 307 308 309 310 311 312 313 314 315 316 317 318 319 320 321 322 323 324 325 326 327 328 329 330 331 332 333 334 335 336 337 338 339 340 341 342 343 344 345 346 347 348 349 350 351 352 353 354 355 356 357 358 359 360 361 362 363 364 365 366 367 368 369 370 371 372 373 374 375 376 377 378 379 380 381 382 383 384 385 386 387 388 389 390 391 392 393 394 395 396 397 398 399 400
;

param w := 
  1    1
  2    1
  3    2
  4    3
  5    4
  6    4
  7    5
  8    5
  9    6
 10    7
 11    8
 12    8
 13    9
 14    9
 15   11
 16   13
 17   14
 18   14
 19   14
 20   15
 21   15
 22   16
 23   17
 24   17
 25   18
 26   18
 27   20
 28   21
 29   23
 30   24
 31   24
 32   25
 33   26
 34   26
 35   28
 36   28
 37   29
 38   30
 39   31
 40   31
 41   31
 42   31
 43   33
 44   34
 45   34
 46   35
 47   35
 48   35
 49   35
 50   35
 51   38
 52   38
 53   39
 54   41
 55   41
 56   41
 57   41
 58   44
 59   44
 60   46
 61   46
 62   48
 63   49
 64   51
 65   56
 66   56
 67   58
 68   58
 69   59
 70   59
 71   61
 72   62
 73   62
 74   64
 75   67
 76   68
 77   70
 78   72
 79   72
 80   73
 81   74
 82   75
 83   76
 84   77
 85   77
 86   79
 87   79
 88   81
 89   83
 90   83
 91   84
 92   84
 93   85
 94   87
 95   87
 96   89
 97   91
 98   94
 99   94
100   94
101   97
102   97
103  101
104  102
105  102
106  103
107  105
108  106
109  107
110  108
111  108
112  108
113  109
114  113
115  116
116  117
117  117
118  117
119  118
120  118
121  119
122  120
123  123
124  123
125  123
126  126
127  126
128  128
129  129
130  132
131  134
132  135
133  135
134  136
135  136
136  137
137  138
138  140
139  140
140  141
141  141
142  144
143  144
144  146
145  146
146  147
147  148
148  148
149  149
150  153
151  154
152  155
153  156
154  156
155  157
156  158
157  158
158  158
159  159
160  159
161  162
162  162
163  163
164  163
165  163
166  164
167  165
168  165
169  165
170  166
171  166
172  167
173  168
174  168
175  170
176  173
177  173
178  173
179  174
180  177
181  179
182  182
183  182
184  182
185  182
186  184
187  184
188  184
189  186
190  187
191  187
192  188
193  190
194  192
195  194
196  196
197  196
198  196
199  197
200  198
201  198
202  198
203  199
204  200
205  202
206  203
207  205
208  205
209  205
210  205
211  206
212  208
213  212
214  213
215  213
216  215
217  217
218  218
219  219
220  220
221  220
222  221
223  222
224  223
225  224
226  231
227  231
228  231
229  234
230  234
231  237
232  237
233  238
234  240
235  243
236  243
237  244
238  246
239  250
240  250
241  250
242  253
243  257
244  259
245  259
246  260
247  260
248  260
249  260
250  262
251  262
252  265
253  265
254  265
255  266
256  270
257  271
258  276
259  276
260  277
261  278
262  281
263  282
264  283
265  284
266  286
267  286
268  289
269  289
270  289
271  289
272  290
273  290
274  291
275  291
276  292
277  292
278  292
279  296
280  297
281  297
282  299
283  300
284  300
285  300
286  302
287  302
288  303
289  304
290  305
291  306
292  308
293  308
294  308
295  308
296  309
297  309
298  310
299  310
300  310
301  313
302  317
303  317
304  318
305  319
306  320
307  321
308  323
309  323
310  324
311  324
312  325
313  327
314  327
315  328
316  328
317  329
318  330
319  331
320  331
321  332
322  336
323  336
324  337
325  337
326  337
327  338
328  339
329  341
330  342
331  342
332  343
333  344
334  345
335  345
336  346
337  348
338  349
339  349
340  350
341  351
342  351
343  353
344  354
345  354
346  354
347  354
348  356
349  356
350  357
351  358
352  360
353  360
354  360
355  362
356  364
357  364
358  364
359  365
360  366
361  367
362  369
363  369
364  370
365  370
366  370
367  371
368  373
369  373
370  374
371  374
372  374
373  374
374  375
375  375
376  378
377  379
378  381
379  382
380  383
381  383
382  383
383  383
384  385
385  386
386  386
387  386
388  387
389  389
390  389
391  392
392  392
393  393
394  393
395  394
396  395
397  396
398  397
399  397
400  398
;

# 2316 lati
set E := 
 (1,11) (1,51) (1,362) (1,76) (1,25) (1,280)
 (2,17) (2,259) (2,39) (2,148) (2,154)
 (3,358) (3,55) (3,155) (3,343) (3,22) (3,379)
 (4,293) (4,196) (4,158) (4,314) (4,130) (4,116) (4,86) (4,350)
 (5,287) (5,327) (5,372) (5,57) (5,68)
 (6,338) (6,199) (6,9) (6,48) (6,244)
 (7,114) (7,18) (7,60) (7,152) (7,120) (7,314) (7,348)
 (8,72) (8,311) (8,375) (8,42) (8,215) (8,99) (8,81)
 (9,344) (9,48) (9,338) (9,345) (9,300) (9,215) (9,311)
 (10,399) (10,172) (10,331) (10,334) (10,298) (10,106)
 (11,76) (11,149) (11,185) (11,212) (11,280)
 (12,118) (12,391) (12,352)
 (13,133) (13,45) (13,30) (13,309) (13,219) (13,108)
 (14,320) (14,125) (14,231) (14,68) (14,317) (14,230) (14,269)
 (15,286) (15,259) (15,386) (15,188) (15,154) (15,168) (15,24)
 (16,66) (16,271) (16,381) (16,245) (16,33) (16,329)
 (17,39) (17,353) (17,259) (17,382) (17,255) (17,257)
 (18,19) (18,114) (18,290) (18,140) (18,152) (18,214)
 (19,140) (19,270) (19,114) (19,239)
 (20,21) (20,23) (20,247) (20,319) (20,226) (20,240)
 (21,312) (21,374) (21,23) (21,226)
 (22,155) (22,288) (22,56) (22,381) (22,190) (22,211) (22,55)
 (23,374) (23,247) (23,97)
 (24,286) (24,154) (24,208) (24,107) (24,273) (24,168)
 (25,324) (25,51) (25,362) (25,103)
 (26,301) (26,355) (26,275) (26,143) (26,203) (26,179) (26,146)
 (27,390) (27,354) (27,384) (27,59) (27,202)
 (28,274) (28,282) (28,398) (28,81) (28,352) (28,375) (28,222) (28,135) (28,339)
 (29,369) (29,262) (29,220) (29,203)
 (30,178) (30,257) (30,388) (30,382) (30,133) (30,221) (30,44) (30,45)
 (31,136) (31,208)
 (32,394) (32,326) (32,307) (32,327) (32,304) (32,49) (32,206) (32,57)
 (33,66) (33,98) (33,37) (33,381) (33,292)
 (34,69) (34,318)
 (35,397) (35,291)
 (36,264) (36,330) (36,302) (36,299) (36,88) (36,82) (36,164)
 (37,279) (37,41) (37,209) (37,381) (37,98) (37,227) (37,190)
 (38,122) (38,195) (38,70) (38,242) (38,180) (38,71) (38,229)
 (39,255) (39,148)
 (40,231) (40,377) (40,217) (40,49) (40,351) (40,85) (40,244) (40,338)
 (41,209) (41,227) (41,292) (41,331) (41,349) (41,98)
 (42,72) (42,123) (42,169) (42,360) (42,282) (42,95) (42,99) (42,124) (42,81)
 (43,359) (43,88) (43,264) (43,291) (43,79) (43,94) (43,171) (43,251)
 (44,221) (44,284) (44,110) (44,363) (44,133) (44,205) (44,109)
 (45,108) (45,257)
 (46,273) (46,306) (46,181) (46,107) (46,142) (46,188)
 (47,181) (47,62)
 (48,215) (48,99) (48,199) (48,202)
 (49,263) (49,206) (49,57) (49,377) (49,351) (49,67)
 (50,395) (50,159) (50,337) (50,96) (50,400)
 (51,280) (51,103) (51,346) (51,324)
 (52,289) (52,378) (52,169) (52,334) (52,225)
 (53,265) (53,382) (53,171) (53,267) (53,388)
 (54,321) (54,234) (54,179) (54,62) (54,212) (54,368) (54,113)
 (55,288) (55,156) (55,343) (55,335)
 (56,155) (56,322) (56,84) (56,92) (56,256) (56,310) (56,211)
 (57,351) (57,68) (57,125) (57,327)
 (58,340) (58,304) (58,347) (58,63) (58,380) (58,218) (58,297)
 (59,384) (59,148) (59,354) (59,255) (59,281)
 (60,114) (60,200) (60,348) (60,332)
 (61,145) (61,320) (61,317) (61,338) (61,231) (61,328)
 (62,321) (62,179) (62,181) (62,142)
 (63,112) (63,327) (63,304) (63,237) (63,347)
 (64,197) (64,160) (64,90) (64,363)
 (65,101) (65,252) (65,369) (65,355) (65,203) (65,151) (65,238)
 (66,89) (66,271) (66,103) (66,132) (66,292)
 (67,85) (67,184) (67,217) (67,82) (67,263) (67,206)
 (68,224) (68,269) (68,372) (68,125)
 (69,318)
 (70,115) (70,229) (70,195)
 (71,373) (71,290) (71,336) (71,242)
 (72,81)
 (73,121) (73,201) (73,186) (73,198) (73,330) (73,176) (73,165) (73,194)
 (74,266) (74,102) (74,398) (74,222) (74,294) (74,117) (74,256)
 (75,252) (75,204) (75,151) (75,113) (75,105)
 (76,162) (76,362) (76,185) (76,189)
 (77,303) (77,315)
 (78,329) (78,150) (78,132) (78,103)
 (79,299) (79,264) (79,94) (79,285)
 (80,129) (80,280)
 (81,282) (81,375)
 (82,206) (82,164) (82,305) (82,299) (82,207) (82,184)
 (83,122) (83,180) (83,283) (83,242) (83,152) (83,241) (83,214)
 (84,310) (84,250) (84,211) (84,254) (84,322) (84,279) (84,183) (84,137)
 (85,217) (85,377) (85,263)
 (86,196) (86,318) (86,350)
 (87,131) (87,147) (87,216) (87,300) (87,311) (87,278)
 (88,291) (88,302) (88,264)
 (89,292) (89,106) (89,103) (89,346)
 (90,389) (90,197) (90,370) (90,157) (90,363)
 (91,392) (91,248) (91,155) (91,92) (91,358) (91,236)
 (92,236) (92,313) (92,371) (92,256) (92,155)
 (93,295) (93,385) (93,268) (93,218) (93,210) (93,182)
 (94,144) (94,171) (94,285) (94,382) (94,353)
 (95,296) (95,364) (95,222) (95,282) (95,258) (95,124)
 (96,337) (96,133) (96,219) (96,400) (96,159) (96,109)
 (97,260) (97,374) (97,247) (97,167) (97,277)
 (98,209) (98,292)
 (99,215) (99,360) (99,390) (99,202)
 (100,119) (100,308) (100,253) (100,243) (100,170) (100,240) (100,365)
 (101,238)
 (102,117) (102,261) (102,398) (102,247) (102,396) (102,167) (102,366)
 (103,324) (103,132) (103,362) (103,150) (103,346)
 (104,196) (104,161) (104,293) (104,318) (104,230) (104,193)
 (105,204) (105,149) (105,252) (105,212) (105,234)
 (106,346) (106,292) (106,331) (106,172)
 (107,188) (107,168) (107,273)
 (108,386) (108,257) (108,309)
 (109,400) (109,389) (109,395) (109,363) (109,133)
 (110,176) (110,121) (110,111) (110,205) (110,363) (110,232)
 (111,272) (111,194) (111,385) (111,341) (111,232) (111,176) (111,138)
 (112,304) (112,327)
 (113,368) (113,179) (113,151) (113,204) (113,355)
 (114,270) (114,200)
 (115,350) (115,229) (115,224) (115,269) (115,318) (115,195)
 (116,293) (116,158) (116,161)
 (117,396) (117,134) (117,294)
 (118,365) (118,170) (118,391) (118,352) (118,191)
 (119,177) (119,243) (119,170)
 (120,130) (120,348) (120,314) (120,158) (120,128)
 (121,176) (121,205) (121,186)
 (122,242) (122,180)
 (123,124) (123,169)
 (124,169) (124,393) (124,296) (124,289)
 (125,351) (125,231)
 (126,251) (126,359) (126,205) (126,342) (126,284) (126,291)
 (127,138) (127,213) (127,297) (127,182) (127,272) (127,223) (127,139)
 (128,332) (128,365) (128,253) (128,348) (128,158)
 (129,280)
 (130,158) (130,314)
 (131,278) (131,147) (131,193) (131,328)
 (132,329) (132,271)
 (133,219)
 (134,396) (134,294) (134,371)
 (135,274) (135,391) (135,398)
 (136,208)
 (137,387) (137,166) (137,227) (137,279) (137,393) (137,183)
 (138,272) (138,213) (138,194)
 (139,182) (139,297) (139,153)
 (140,290) (140,312) (140,239)
 (141,277) (141,374) (141,392)
 (142,179) (142,181) (142,143) (142,188)
 (143,146) (143,179) (143,188) (143,309)
 (144,285) (144,353) (144,357)
 (145,344) (145,338) (145,345) (145,328) (145,278)
 (146,301) (146,309) (146,173)
 (147,325) (147,193) (147,375) (147,191) (147,216)
 (148,154) (148,255) (148,356) (148,281)
 (149,189) (149,160) (149,185) (149,252) (149,212)
 (150,362) (150,315) (150,329) (150,245)
 (151,238) (151,355) (151,252)
 (152,241) (152,214) (152,314)
 (153,210) (153,182) (153,297) (153,187)
 (154,356) (154,259) (154,208)
 (155,358)
 (156,361) (156,235) (156,316) (156,288) (156,335)
 (157,389) (157,370) (157,395)
 (158,365) (158,161)
 (159,337)
 (160,369) (160,197) (160,220) (160,363) (160,252)
 (161,193) (161,293) (161,365) (161,191)
 (162,185) (162,189)
 (163,170) (163,366) (163,391) (163,177) (163,398)
 (164,376) (164,201) (164,330) (164,207) (164,233) (164,198)
 (165,186) (165,342) (165,330) (165,302)
 (166,349) (166,289) (166,331) (166,393) (166,227)
 (167,260) (167,396) (167,247) (167,313) (167,277)
 (168,286) (168,188)
 (169,383) (169,378) (169,360) (169,289)
 (170,177) (170,365) (170,391)
 (171,382) (171,251) (171,267)
 (172,298) (172,346) (172,280)
 (173,301) (173,275) (173,370) (173,219) (173,309)
 (174,199) (174,202) (174,184) (174,305) (174,244) (174,357)
 (175,280) (175,249) (175,298) (175,212)
 (176,194)
 (177,366) (177,243) (177,319)
 (178,388) (178,267) (178,221) (178,284)
 (179,355)
 (180,283) (180,195)
 (181,276) (181,298) (181,321) (181,306) (181,249)
 (182,268) (182,210) (182,272)
 (183,250) (183,387) (183,258) (183,254) (183,222) (183,266) (183,393)
 (184,217) (184,305) (184,244)
 (185,189)
 (186,205) (186,342)
 (187,210) (187,340) (187,297)
 (188,309) (188,386)
 (189,362)
 (190,211) (190,279) (190,381)
 (191,325) (191,352) (191,365) (191,193) (191,375)
 (192,248) (192,367) (192,374)
 (193,325) (193,230) (193,328)
 (194,376) (194,201) (194,213)
 (195,350) (195,283)
 (196,318) (196,293)
 (197,370) (197,220)
 (198,201) (198,330)
 (199,244) (199,202)
 (200,253) (200,270) (200,332)
 (201,376)
 (202,390) (202,357) (202,384)
 (203,262) (203,355) (203,275) (203,369)
 (204,368) (204,234)
 (205,342) (205,284)
 (206,326) (206,207)
 (207,223) (207,233) (207,307) (207,326)
 (208,356) (208,246) (208,273) (208,281)

 (210,218) (210,340)
 (211,279)
 (212,321) (212,280) (212,234) (212,249)
 (213,233) (213,223) (213,376)
 (214,242) (214,336) (214,290)
 (215,311)
 (216,375) (216,311)
 (217,244)
 (218,295) (218,380) (218,340)
 (219,337) (219,309) (219,370) (219,395)
 (220,262) (220,370) (220,275) (220,369)
 (221,284)
 (222,258) (222,364) (222,339) (222,398) (222,266)
 (223,307) (223,394) (223,233) (223,297)
 (224,269) (224,229) (224,372) (224,380)
 (225,378) (225,323) (225,334) (225,246) (225,383)
 (226,312) (226,240) (226,308)
 (227,349) (227,279)
 (228,239) (228,270) (228,312)
 (229,380)
 (230,317) (230,328) (230,269) (230,318)
 (231,320) (231,338) (231,351)
 (232,341) (232,295)
 (233,376)
 (234,368)
 (235,316) (235,361) (235,315)
 (236,392) (236,277) (236,313)
 (237,347) (237,287) (237,327)
 (238,355)
 (239,312) (239,270)
 (240,243) (240,319) (240,308)
 (241,314) (241,283)
 (242,336)
 (243,319)
 (244,338)
 (245,315) (245,288) (245,381) (245,329)
 (246,281) (246,354) (246,333) (246,323) (246,273) (246,383)
 (247,260) (247,319) (247,366)
 (248,358) (248,379) (248,392) (248,374) (248,367)
 (249,321) (249,298)
 (250,254)
 (251,284) (251,267) (251,359)
 (252,369)
 (253,308) (253,332) (253,270) (253,365)
 (254,266) (254,322)
 (255,353) (255,384)
 (256,294) (256,266) (256,322) (256,371)
 (257,382) (257,259) (257,386)
 (258,296) (258,393)
 (259,386)

 (261,398) (261,366)
 (262,275)
 (263,377)
 (264,299)
 (265,388) (265,267)
 (266,322)
 (267,284) (267,388)
 (268,272) (268,385)
 (269,318)
 (270,312) (270,308)
 (271,329)
 (272,385)
 (273,333) (273,306)
 (274,391) (274,352)
 (275,301) (275,370)
 (276,323) (276,399) (276,334) (276,298) (276,333) (276,306)
 (277,313) (277,392) (277,374)
 (278,300) (278,328) (278,345)

 (280,298) (280,346)
 (281,356) (281,354)
 (282,339) (282,364)
 (283,314) (283,350)

 (285,357) (285,299) (285,305)

 (287,347) (287,372) (287,327)
 (288,361) (288,381) (288,315)
 (289,334) (289,331) (289,393)
 (290,373) (290,312) (290,336)
 (291,302) (291,342) (291,397)
 (292,331)

 (294,371)
 (295,341) (295,385)
 (296,393)
 (297,340) (297,304) (297,394)
 (298,399)
 (299,305)
 (300,345) (300,311)

 (302,330) (302,342)
 (303,315)
 (304,394) (304,327)
 (305,357)
 (306,333)
 (307,394) (307,326)
 (308,312)
 (309,386)
 (310,322)
 (311,375)
 (312,343) (312,374)
 (313,371) (313,396)
 (314,350)
 (315,361)
 (316,335)
 (317,328) (317,320)
 (318,350)
 (319,366)



 (323,333) (323,334)







 (331,349) (331,334)
 (332,348)

 (334,399)
 (335,343)
 (336,373)
 (337,395)
 (338,344)
 (339,364)

 (341,385)

 (343,379) (343,374) (343,367)
 (344,345)


 (347,372) (347,380)




 (352,375) (352,391)
 (353,382) (353,357) (353,384)
 (354,360) (354,390) (354,383)


 (357,384)
 (358,379)

 (360,383) (360,390)


 (363,389)


 (366,398)
 (367,379) (367,374)


 (370,395)
 (371,396)
 (372,380)

 (374,392)



 (378,383)



 (382,388)




 (387,393)

 (389,395)

 (391,398)



 (395,400)





;

end;
