# n500plap3i5.txt

# 80 cluster
param p := 80 ;

# 500 vertici
set V := 
 1 2 3 4 5 6 7 8 9 10 11 12 13 14 15 16 17 18 19 20 21 22 23 24 25 26 27 28 29 30 31 32 33 34 35 36 37 38 39 40 41 42 43 44 45 46 47 48 49 50 51 52 53 54 55 56 57 58 59 60 61 62 63 64 65 66 67 68 69 70 71 72 73 74 75 76 77 78 79 80 81 82 83 84 85 86 87 88 89 90 91 92 93 94 95 96 97 98 99 100 101 102 103 104 105 106 107 108 109 110 111 112 113 114 115 116 117 118 119 120 121 122 123 124 125 126 127 128 129 130 131 132 133 134 135 136 137 138 139 140 141 142 143 144 145 146 147 148 149 150 151 152 153 154 155 156 157 158 159 160 161 162 163 164 165 166 167 168 169 170 171 172 173 174 175 176 177 178 179 180 181 182 183 184 185 186 187 188 189 190 191 192 193 194 195 196 197 198 199 200 201 202 203 204 205 206 207 208 209 210 211 212 213 214 215 216 217 218 219 220 221 222 223 224 225 226 227 228 229 230 231 232 233 234 235 236 237 238 239 240 241 242 243 244 245 246 247 248 249 250 251 252 253 254 255 256 257 258 259 260 261 262 263 264 265 266 267 268 269 270 271 272 273 274 275 276 277 278 279 280 281 282 283 284 285 286 287 288 289 290 291 292 293 294 295 296 297 298 299 300 301 302 303 304 305 306 307 308 309 310 311 312 313 314 315 316 317 318 319 320 321 322 323 324 325 326 327 328 329 330 331 332 333 334 335 336 337 338 339 340 341 342 343 344 345 346 347 348 349 350 351 352 353 354 355 356 357 358 359 360 361 362 363 364 365 366 367 368 369 370 371 372 373 374 375 376 377 378 379 380 381 382 383 384 385 386 387 388 389 390 391 392 393 394 395 396 397 398 399 400 401 402 403 404 405 406 407 408 409 410 411 412 413 414 415 416 417 418 419 420 421 422 423 424 425 426 427 428 429 430 431 432 433 434 435 436 437 438 439 440 441 442 443 444 445 446 447 448 449 450 451 452 453 454 455 456 457 458 459 460 461 462 463 464 465 466 467 468 469 470 471 472 473 474 475 476 477 478 479 480 481 482 483 484 485 486 487 488 489 490 491 492 493 494 495 496 497 498 499 500
;

param w := 
  1    1
  2    2
  3    2
  4    2
  5    3
  6    4
  7    4
  8    6
  9    8
 10    9
 11   10
 12   14
 13   14
 14   15
 15   17
 16   18
 17   18
 18   19
 19   20
 20   23
 21   23
 22   23
 23   23
 24   26
 25   27
 26   29
 27   30
 28   30
 29   31
 30   31
 31   32
 32   32
 33   33
 34   33
 35   34
 36   36
 37   39
 38   41
 39   43
 40   43
 41   44
 42   45
 43   51
 44   51
 45   51
 46   51
 47   53
 48   53
 49   54
 50   56
 51   56
 52   56
 53   56
 54   57
 55   58
 56   58
 57   59
 58   59
 59   61
 60   61
 61   61
 62   61
 63   63
 64   64
 65   65
 66   67
 67   69
 68   70
 69   71
 70   73
 71   73
 72   73
 73   73
 74   74
 75   76
 76   76
 77   78
 78   79
 79   80
 80   80
 81   83
 82   83
 83   84
 84   84
 85   84
 86   85
 87   86
 88   87
 89   88
 90   88
 91   89
 92   90
 93   94
 94   95
 95   95
 96   96
 97   97
 98   97
 99  100
100  102
101  103
102  104
103  104
104  104
105  104
106  105
107  108
108  108
109  109
110  109
111  110
112  111
113  111
114  112
115  112
116  113
117  114
118  118
119  118
120  120
121  124
122  125
123  127
124  127
125  128
126  128
127  129
128  129
129  130
130  130
131  133
132  137
133  139
134  139
135  140
136  142
137  143
138  144
139  145
140  145
141  147
142  147
143  147
144  148
145  148
146  149
147  153
148  155
149  156
150  156
151  157
152  158
153  158
154  160
155  160
156  162
157  163
158  163
159  165
160  167
161  170
162  170
163  171
164  172
165  173
166  176
167  177
168  177
169  180
170  180
171  181
172  181
173  182
174  184
175  184
176  184
177  187
178  187
179  187
180  188
181  189
182  194
183  194
184  196
185  197
186  198
187  199
188  200
189  201
190  206
191  206
192  206
193  206
194  207
195  209
196  209
197  210
198  211
199  211
200  213
201  213
202  214
203  214
204  216
205  217
206  219
207  220
208  221
209  222
210  222
211  222
212  222
213  222
214  223
215  223
216  226
217  226
218  227
219  227
220  232
221  233
222  233
223  234
224  237
225  240
226  240
227  241
228  242
229  242
230  243
231  245
232  246
233  248
234  248
235  248
236  249
237  250
238  251
239  254
240  256
241  257
242  258
243  260
244  260
245  260
246  260
247  261
248  263
249  266
250  266
251  267
252  267
253  267
254  269
255  269
256  270
257  271
258  272
259  273
260  275
261  276
262  276
263  277
264  277
265  277
266  277
267  278
268  280
269  280
270  280
271  283
272  283
273  287
274  289
275  290
276  290
277  290
278  290
279  290
280  291
281  292
282  292
283  294
284  295
285  297
286  299
287  301
288  301
289  302
290  302
291  302
292  307
293  307
294  308
295  309
296  309
297  310
298  313
299  314
300  314
301  317
302  318
303  319
304  319
305  319
306  320
307  321
308  322
309  322
310  324
311  325
312  325
313  327
314  328
315  328
316  328
317  331
318  332
319  332
320  333
321  334
322  335
323  335
324  335
325  337
326  338
327  339
328  340
329  340
330  342
331  342
332  344
333  346
334  347
335  347
336  347
337  349
338  350
339  351
340  351
341  351
342  352
343  355
344  358
345  358
346  358
347  358
348  359
349  360
350  360
351  361
352  361
353  362
354  363
355  364
356  364
357  364
358  366
359  366
360  366
361  367
362  368
363  368
364  371
365  374
366  376
367  377
368  377
369  377
370  377
371  378
372  379
373  385
374  386
375  386
376  386
377  386
378  387
379  387
380  388
381  388
382  390
383  391
384  392
385  393
386  394
387  395
388  397
389  397
390  399
391  401
392  404
393  404
394  406
395  406
396  407
397  408
398  412
399  412
400  413
401  417
402  417
403  418
404  419
405  420
406  421
407  422
408  423
409  424
410  425
411  425
412  426
413  426
414  427
415  429
416  429
417  429
418  430
419  430
420  435
421  435
422  435
423  437
424  439
425  439
426  439
427  439
428  439
429  441
430  442
431  442
432  445
433  446
434  447
435  448
436  449
437  450
438  450
439  450
440  450
441  450
442  451
443  451
444  452
445  452
446  453
447  455
448  455
449  455
450  455
451  457
452  457
453  457
454  458
455  459
456  459
457  460
458  460
459  460
460  461
461  462
462  463
463  463
464  464
465  465
466  466
467  467
468  467
469  469
470  469
471  469
472  469
473  474
474  474
475  475
476  478
477  479
478  479
479  479
480  479
481  481
482  481
483  484
484  484
485  484
486  485
487  486
488  487
489  487
490  488
491  488
492  489
493  491
494  491
495  491
496  493
497  493
498  494
499  494
500  496
;

# 2854 lati
set E := 
 (1,345) (1,332) (1,287) (1,357) (1,325)
 (2,285) (2,222) (2,330) (2,127) (2,454)
 (3,368) (3,446) (3,37) (3,395) (3,225) (3,380) (3,14)
 (4,293) (4,463) (4,254) (4,286) (4,49) (4,147)
 (5,349) (5,324) (5,488) (5,49) (5,430) (5,147) (5,94) (5,45)
 (6,448) (6,423) (6,382)
 (7,183) (7,390) (7,290) (7,367) (7,334)
 (8,47) (8,95) (8,244) (8,222) (8,149) (8,229) (8,174)
 (9,256) (9,135) (9,425) (9,214) (9,89) (9,168)
 (10,278) (10,469) (10,280) (10,391) (10,237) (10,316)
 (11,327) (11,103) (11,240) (11,248) (11,458) (11,378)
 (12,82) (12,217) (12,29) (12,434) (12,360) (12,232) (12,323)
 (13,113) (13,356) (13,398) (13,304) (13,259)
 (14,478) (14,499) (14,81) (14,333) (14,210) (14,380) (14,395)
 (15,36) (15,39) (15,55) (15,56) (15,119)
 (16,257) (16,490) (16,270) (16,271) (16,210) (16,233)
 (17,308) (17,129) (17,500) (17,273)
 (18,296) (18,172) (18,21) (18,304) (18,439)
 (19,76) (19,474) (19,110) (19,183) (19,391) (19,316) (19,334) (19,54)
 (20,216) (20,456) (20,183) (20,150) (20,367) (20,178) (20,474)
 (21,295) (21,373) (21,139) (21,439) (21,172) (21,40) (21,336) (21,339)
 (22,131) (22,455) (22,328)
 (23,65) (23,118) (23,27) (23,101) (23,465) (23,80)
 (24,426) (24,388) (24,235) (24,425) (24,168) (24,189)
 (25,168) (25,89) (25,400) (25,259) (25,28)
 (26,334) (26,192)
 (27,65) (27,39) (27,55) (27,269) (27,101)
 (28,342) (28,235) (28,168) (28,259)
 (29,217) (29,238) (29,323) (29,167)
 (30,106) (30,382) (30,228)
 (31,165) (31,359) (31,298) (31,71) (31,419)
 (32,401) (32,242) (32,449) (32,387) (32,369)
 (33,256) (33,107) (33,433) (33,135) (33,218)
 (34,139) (34,247) (34,336) (34,79) (34,261) (34,83) (34,482)
 (35,297) (35,453) (35,142) (35,476) (35,128)
 (36,56)
 (37,446) (37,255) (37,380) (37,438) (37,272)
 (38,375) (38,138) (38,407) (38,394) (38,309) (38,96) (38,320)
 (39,269) (39,56) (39,55) (39,171)
 (40,437) (40,172) (40,373)
 (41,115) (41,472) (41,475) (41,471) (41,203)
 (42,494) (42,347) (42,267) (42,61)
 (43,417) (43,183)
 (44,112) (44,293) (44,288) (44,452) (44,94)
 (45,488) (45,341) (45,429) (45,49) (45,104)
 (46,227) (46,359) (46,298) (46,93) (46,331)
 (47,174) (47,127) (47,222) (47,358)
 (48,261) (48,133) (48,123) (48,385) (48,158) (48,157) (48,336) (48,439)
 (49,147) (49,463) (49,324) (49,341)
 (50,209) (50,344) (50,329) (50,63) (50,330)
 (51,250) (51,260) (51,116)
 (52,140) (52,352) (52,434)
 (53,374) (53,486) (53,106) (53,228) (53,163) (53,361)
 (54,274) (54,291) (54,76) (54,314) (54,435) (54,391)
 (55,119) (55,101) (55,152)
 (56,223) (56,397) (56,70) (56,171) (56,119)
 (57,236) (57,187) (57,408) (57,268) (57,180) (57,75)
 (58,307) (58,451) (58,131) (58,160) (58,79) (58,431) (58,143)
 (59,384) (59,245) (59,154) (59,495) (59,156) (59,379) (59,357) (59,151) (59,332)
 (60,383) (60,178) (60,77) (60,282) (60,366) (60,126) (60,456)
 (61,267) (61,173) (61,347) (61,141) (61,196) (61,125)
 (62,481) (62,400) (62,259) (62,89) (62,231) (62,163) (62,423)
 (63,376) (63,209) (63,484) (63,344) (63,200) (63,262) (63,194)
 (64,73) (64,496) (64,176) (64,461) (64,470)
 (65,100) (65,265) (65,269) (65,80) (65,355) (65,297) (65,362)
 (66,102) (66,497) (66,207) (66,179) (66,388) (66,393) (66,191)
 (67,272) (67,438) (67,248) (67,317) (67,201) (67,340)
 (68,193) (68,234)
 (69,169) (69,243) (69,288) (69,254) (69,490) (69,85) (69,293) (69,224)
 (70,291) (70,314) (70,119) (70,435) (70,397)
 (71,440) (71,419) (71,473) (71,298) (71,448) (71,382)
 (72,360) (72,284) (72,199) (72,82)
 (73,159) (73,176) (73,461) (73,340)
 (74,370) (74,270)
 (75,187) (75,412) (75,307) (75,130) (75,180)
 (76,474) (76,126) (76,435) (76,456)
 (77,399) (77,282) (77,287) (77,378) (77,178) (77,240)
 (78,203) (78,311) (78,352) (78,87) (78,471)
 (79,451) (79,377) (79,182) (79,482) (79,479) (79,83) (79,307)
 (80,355) (80,465) (80,386) (80,303)
 (81,354) (81,309) (81,499) (81,85) (81,466) (81,210)
 (82,360) (82,284) (82,217) (82,453)
 (83,247) (83,377)
 (84,358) (84,467) (84,229) (84,174)
 (85,243) (85,315) (85,490) (85,210) (85,224) (85,466)
 (86,405) (86,381) (86,357) (86,345) (86,271) (86,233)
 (87,311) (87,232) (87,434) (87,352) (87,227)
 (88,303) (88,310) (88,266) (88,312) (88,161) (88,241)
 (89,168) (89,163) (89,256) (89,400)
 (90,452) (90,177) (90,114) (90,112) (90,109) (90,477) (90,404)
 (91,355) (91,322) (91,173) (91,386) (91,202)
 (92,371) (92,415) (92,294) (92,184) (92,372) (92,134)
 (93,462) (93,359) (93,115) (93,475) (93,227)
 (94,349) (94,293) (94,147) (94,112)
 (95,285) (95,222) (95,454) (95,329) (95,244)
 (96,428) (96,375) (96,320) (96,442) (96,404) (96,109)
 (97,230) (97,219) (97,436) (97,408) (97,158) (97,393) (97,102)
 (98,418) (98,331) (98,409) (98,361) (98,251) (98,440) (98,298) (98,106)
 (99,421) (99,431) (99,479) (99,160) (99,410) (99,104)
 (100,362)
 (101,118) (101,152) (101,379)
 (102,179) (102,158) (102,388) (102,393) (102,426)
 (103,458) (103,248) (103,252)
 (104,421) (104,114) (104,429) (104,431) (104,488)
 (105,433) (105,214) (105,135) (105,117) (105,120)
 (106,361) (106,228) (106,440) (106,382)
 (107,433) (107,218) (107,427)
 (108,195) (108,447) (108,372) (108,441) (108,146) (108,116) (108,294)
 (109,213) (109,326) (109,428) (109,404)
 (110,277) (110,276) (110,316) (110,334) (110,221) (110,192)
 (111,246) (111,152) (111,383) (111,154) (111,337) (111,366) (111,379)
 (112,349) (112,114) (112,452) (112,430)
 (113,304) (113,289) (113,356)
 (114,430) (114,488)
 (115,462) (115,203) (115,475) (115,227) (115,311)
 (116,447) (116,422) (116,494) (116,250) (116,191) (116,146) (116,260)
 (117,422) (117,494) (117,347) (117,433) (117,120) (117,207)
 (118,465) (118,266) (118,379)
 (119,246) (119,350) (119,435) (119,152)
 (120,425) (120,207) (120,388) (120,214)
 (121,284) (121,338) (121,199) (121,142) (121,491)
 (122,424) (122,178)
 (123,261) (123,436) (123,158)
 (124,323) (124,238) (124,464) (124,140) (124,434)
 (125,175) (125,313) (125,427) (125,445) (125,347) (125,141)
 (126,435) (126,366) (126,456)
 (127,140) (127,358) (127,330) (127,464) (127,222) (127,365)
 (128,185) (128,297) (128,453) (128,483) (128,402) (128,171)
 (129,215) (129,308) (129,162) (129,302) (129,365)
 (130,144) (130,187) (130,305) (130,328) (130,414) (130,412)
 (131,143) (131,455) (131,429) (131,328) (131,412) (131,431)
 (132,137) (132,371)
 (133,385)
 (134,415) (134,226) (134,241) (134,137) (134,450) (134,202) (134,371)
 (135,214) (135,433) (135,256)
 (136,364) (136,361) (136,251)
 (137,498) (137,371) (137,226)
 (138,315) (138,309) (138,466) (138,177) (138,394)
 (139,319) (139,396) (139,336) (139,247) (139,443) (139,339)
 (140,464) (140,352) (140,434)
 (141,313) (141,242) (141,301) (141,173) (141,212)
 (142,476) (142,338) (142,369) (142,284) (142,453)
 (143,307) (143,412)
 (144,305) (144,187) (144,236) (144,250)
 (145,226) (145,197) (145,392) (145,351) (145,498)
 (146,480) (146,414) (146,294) (146,420) (146,250)
 (147,324) (147,293)
 (148,234) (148,176) (148,496) (148,320) (148,193) (148,407)
 (149,223) (149,244) (149,229) (149,483) (149,185)
 (150,216) (150,178) (150,240) (150,367) (150,327)
 (151,468) (151,153) (151,381) (151,357) (151,161) (151,384)
 (152,379) (152,246)
 (153,381) (153,161) (153,197) (153,241)
 (154,332) (154,379) (154,337)
 (155,279) (155,318) (155,390) (155,290) (155,299) (155,281) (155,206)
 (156,245)
 (157,335) (157,170) (157,426) (157,356) (157,439) (157,189) (157,158) (157,289)
 (158,436) (158,335) (158,426)
 (159,340) (159,461) (159,470)
 (160,182) (160,431) (160,479) (160,451)
 (161,468) (161,241) (161,310)
 (162,278) (162,302) (162,276) (162,365) (162,469)
 (163,283) (163,481) (163,256) (163,486) (163,228)
 (164,498) (164,420) (164,258) (164,480) (164,392) (164,389) (164,294)
 (165,166) (165,181) (165,473) (165,359) (165,419)
 (166,473) (166,419)
 (167,416) (167,453) (167,402) (167,238) (167,467) (167,217)
 (168,235) (168,425)
 (169,286) (169,254) (169,490)
 (170,289) (170,439)
 (171,269) (171,483) (171,297) (171,223)
 (172,304) (172,460) (172,437)
 (173,450) (173,202) (173,322) (173,196) (173,212)
 (174,358) (174,229)
 (175,445)
 (176,326) (176,340) (176,496) (176,320)
 (177,477) (177,315) (177,224) (177,288) (177,452) (177,394)
 (178,424) (178,456) (178,240)
 (179,393)
 (180,482) (180,307) (180,268) (180,219)
 (181,472) (181,475) (181,359) (181,473)
 (182,479) (182,451)
 (183,334) (183,474) (183,367) (183,417)
 (184,450) (184,415) (184,372) (184,196) (184,441)
 (185,402) (185,483) (185,229)
 (186,457) (186,440)
 (187,236)
 (188,403) (188,463) (188,286)
 (189,426) (189,235) (189,398) (189,356)
 (190,239) (190,339)
 (191,207) (191,422) (191,393) (191,260)
 (192,318) (192,221) (192,390) (192,281) (192,334)
 (193,432) (193,333) (193,487) (193,380) (193,234) (193,496) (193,499)
 (194,376) (194,264) (194,344) (194,329)
 (195,372) (195,294)
 (196,205) (196,450) (196,267) (196,441)
 (197,226) (197,351) (197,405) (197,241) (197,381)
 (198,328) (198,292) (198,414)
 (199,491) (199,284) (199,360)
 (200,262) (200,484) (200,237)
 (201,317) (201,321) (201,299) (201,252) (201,248)
 (202,312) (202,241) (202,386) (202,450)
 (203,471) (203,311)
 (204,387) (204,275) (204,364) (204,401) (204,445)
 (205,267) (205,441) (205,447) (205,494)
 (206,279) (206,252) (206,290) (206,299) (206,367) (206,327) (206,458)
 (207,422) (207,388) (207,497)
 (208,348) (208,365)
 (209,330) (209,484) (209,365)
 (210,478) (210,490) (210,406) (210,271)
 (211,244) (211,397) (211,264) (211,263)
 (212,301) (212,322)
 (213,442) (213,320) (213,428) (213,326)
 (214,425)
 (215,308)
 (216,367)
 (217,416) (217,453)
 (218,275) (218,283) (218,445) (218,256) (218,427) (218,306)
 (219,268) (219,482) (219,230) (219,408)
 (220,395) (220,406) (220,271) (220,478)
 (221,273) (221,500) (221,281) (221,276)
 (222,285)
 (223,483) (223,397) (223,244)
 (224,288) (224,315)
 (225,368) (225,446) (225,325) (225,438)
 (226,498) (226,241)
 (227,331) (227,311) (227,232)
 (228,423) (228,231) (228,382) (228,481)
 (229,402) (229,467)
 (230,261) (230,482) (230,436)
 (231,481) (231,423)
 (232,434) (232,331) (232,418) (232,360)
 (233,351) (233,271) (233,257) (233,392) (233,405) (233,485)
 (234,354) (234,499) (234,407)
 (235,398) (235,342)
 (236,260) (236,393) (236,408) (236,250)
 (237,469) (237,391) (237,484) (237,262) (237,365)
 (238,464) (238,358) (238,323) (238,467)
 (239,339)
 (240,327) (240,378)
 (241,312)
 (242,313) (242,489) (242,401) (242,369) (242,301)
 (243,490)
 (244,329) (244,264) (244,397)

 (246,350) (246,366)
 (247,396) (247,377) (247,353)
 (248,378) (248,438) (248,325) (248,252)
 (249,264) (249,263) (249,376) (249,262) (249,274)
 (250,260) (250,305) (250,414)
 (251,409) (251,361) (251,387) (251,253) (251,364)
 (252,458) (252,299)
 (253,409) (253,491) (253,449) (253,387) (253,418)
 (254,293) (254,286)
 (255,380) (255,272) (255,470)
 (256,283)
 (257,270) (257,403) (257,485)
 (258,485) (258,300) (258,392) (258,389)
 (259,342) (259,398) (259,423) (259,400) (259,304)
 (260,393)
 (261,336) (261,482) (261,436)
 (262,376) (262,391) (262,274)
 (263,314) (263,397) (263,274) (263,264)
 (264,376) (264,329)
 (265,489) (265,355) (265,322) (265,297) (265,476)
 (266,495) (266,465) (266,379) (266,303) (266,310)
 (267,494)
 (268,408)
 (269,297)
 (270,403) (270,286) (270,370) (270,490)
 (271,406) (271,368) (271,345) (271,395)
 (272,470) (272,438) (272,340)
 (273,302) (273,500) (273,308) (273,276)
 (274,314) (274,391)
 (275,306) (275,445) (275,364)
 (276,302) (276,278) (276,277) (276,280)
 (277,316) (277,280)
 (278,469) (278,280)
 (279,299)
 (280,316)
 (281,318) (281,326) (281,500) (281,321) (281,299)
 (282,444) (282,337) (282,399) (282,383)
 (283,486) (283,346) (283,306)
 (284,453)
 (285,454)
 (286,403) (286,463) (286,490)
 (287,399) (287,325) (287,378) (287,444) (287,332)
 (288,293) (288,452)
 (289,296) (289,356) (289,304) (289,439)
 (290,390) (290,367)
 (291,314) (291,435)
 (292,341) (292,328) (292,492) (292,420) (292,414)

 (294,480) (294,371) (294,372) (294,498)
 (295,339)
 (296,304) (296,439)
 (297,476)
 (298,440) (298,331) (298,359)
 (299,321)
 (300,389) (300,492) (300,403) (300,485)
 (301,322) (301,489)
 (302,308)
 (303,465) (303,386) (303,312)
 (304,423)
 (305,414)
 (306,413) (306,364) (306,346)
 (307,412) (307,482)

 (309,407) (309,466) (309,354)
 (310,495) (310,468) (310,384)

 (312,386)
 (313,445) (313,401)
 (314,397)
 (315,466)
 (316,391)
 (317,321) (317,340)
 (318,390)
 (319,443)
 (320,326) (320,407) (320,442)
 (321,326) (321,340)
 (322,355) (322,489)
 (323,434)

 (325,378) (325,368) (325,438) (325,345)
 (326,340) (326,500)
 (327,367) (327,458)
 (328,414) (328,455) (328,412) (328,341)
 (329,344) (329,330) (329,454)
 (330,365) (330,454)
 (331,418)
 (332,337) (332,357) (332,444)
 (333,380) (333,499)
 (334,390)

 (336,439)
 (337,444) (337,383)
 (338,491) (338,369) (338,449)
 (339,353) (339,373) (339,410) (339,396)
 (340,470)
 (341,463) (341,492) (341,455) (341,429)
 (342,398)
 (343,489) (343,476) (343,369)

 (345,357) (345,368)
 (346,486) (346,413)
 (347,494) (347,433) (347,427)
 (348,365)
 (349,430)
 (350,366) (350,435)
 (351,392) (351,405)
 (352,434) (352,471)
 (353,396) (353,479) (353,377) (353,410)
 (354,499) (354,407)
 (355,386)
 (356,398)
 (357,381)
 (358,464) (358,467)
 (359,475)
 (360,491) (360,418)
 (361,374) (361,413) (361,364)

 (363,493) (363,405)
 (364,413) (364,387)
 (365,484) (365,469)
 (366,383) (366,435)

 (368,395)
 (369,476) (369,449) (369,489)

 (371,498)
 (372,441)
 (373,410) (373,437) (373,460)
 (374,413) (374,486)
 (375,394) (375,404)

 (377,479)

 (379,495)
 (380,470) (380,496)
 (381,405)
 (382,423) (382,440) (382,448)

 (384,468) (384,495)


 (387,401) (387,449)
 (388,497) (388,425) (388,426)
 (389,492) (389,420)


 (392,498) (392,485)
 (393,408)
 (394,404) (394,477)
 (395,478)



 (399,444)

 (401,445)
 (402,467) (402,453)
 (403,485) (403,492) (403,463)
 (404,477)
 (405,493)
 (406,478)


 (409,459) (409,418) (409,411)
 (410,460) (410,479)
 (411,459)

 (413,486)
 (414,420)
 (415,450)
 (416,453)

 (418,491)
 (419,473)
 (420,480) (420,492)

 (422,494)




 (427,445) (427,433)
 (428,442)
 (429,455) (429,431)
 (430,488)

 (432,487)




 (437,460)
 (438,446)

 (440,457)
 (441,447)





 (447,494)
 (448,473) (448,472)
 (449,491)






 (456,474)




 (461,470)
 (462,475)
 (463,492)






 (470,496)
 (471,472)
 (472,473) (472,475)



 (476,489)
























;

end;
